              precision    recall  f1-score   support

   Abomasnow     1.0000    0.9000    0.9474        10
        Abra     0.9091    1.0000    0.9524        10
       Absol     1.0000    1.0000    1.0000        10
    Accelgor     1.0000    1.0000    1.0000         6
   Aegislash     1.0000    1.0000    1.0000         8
  Aerodactyl     1.0000    1.0000    1.0000        14
      Aggron     1.0000    1.0000    1.0000        10
       Aipom     1.0000    0.8750    0.9333         8
    Alakazam     0.8750    1.0000    0.9333        14
    Alcremie     1.0000    1.0000    1.0000         6
   Alomomola     1.0000    1.0000    1.0000         6
     Altaria     1.0000    1.0000    1.0000        10
      Amaura     1.0000    1.0000    1.0000         6
     Ambipom     0.8571    1.0000    0.9231         6
   Amoonguss     1.0000    1.0000    1.0000         6
    Ampharos     0.8000    1.0000    0.8889        12
     Anorith     1.0000    1.0000    1.0000         6
    Appletun     0.7500    1.0000    0.8571         6
      Applin     1.0000    1.0000    1.0000         4
   Araquanid     1.0000    1.0000    1.0000         6
       Arbok     1.0000    1.0000    1.0000        10
    Arcanine     1.0000    0.9000    0.9474        10
      Arceus     1.0000    1.0000    1.0000         4
      Archen     1.0000    1.0000    1.0000         6
    Archeops     0.8571    1.0000    0.9231         6
   Arctovish     1.0000    1.0000    1.0000         4
   Arctozolt     1.0000    1.0000    1.0000         2
     Ariados     0.6667    1.0000    0.8000         4
     Armaldo     1.0000    1.0000    1.0000         6
  Aromatisse     1.0000    1.0000    1.0000         6
        Aron     0.8571    1.0000    0.9231         6
    Arrokuda     1.0000    1.0000    1.0000         4
    Articuno     1.0000    1.0000    1.0000        12
      Audino     0.8889    1.0000    0.9412         8
     Aurorus     1.0000    1.0000    1.0000         6
     Avalugg     1.0000    1.0000    1.0000         6
        Axew     1.0000    1.0000    1.0000         6
       Azelf     1.0000    1.0000    1.0000         6
   Azumarill     1.0000    1.0000    1.0000         8
     Azurill     1.0000    1.0000    1.0000         4
       Bagon     1.0000    1.0000    1.0000         6
      Baltoy     1.0000    1.0000    1.0000         6
     Banette     0.9091    1.0000    0.9524        10
  Barbaracle     0.8571    1.0000    0.9231         6
    Barboach     1.0000    1.0000    1.0000         6
 Barraskewda     1.0000    1.0000    1.0000         4
    Basculin     1.0000    1.0000    1.0000         8
   Bastiodon     0.8333    0.8333    0.8333         6
     Bayleef     0.8000    1.0000    0.8889         8
     Beartic     1.0000    1.0000    1.0000         6
   Beautifly     1.0000    1.0000    1.0000         6
    Beedrill     1.0000    1.0000    1.0000        10
    Beheeyem     1.0000    1.0000    1.0000         6
      Beldum     0.8889    1.0000    0.9412         8
   Bellossom     1.0000    1.0000    1.0000         8
  Bellsprout     1.0000    1.0000    1.0000         8
    Bergmite     1.0000    1.0000    1.0000         6
      Bewear     0.8571    1.0000    0.9231         6
     Bibarel     1.0000    0.6667    0.8000         6
      Bidoof     1.0000    0.6667    0.8000         6
     Binacle     1.0000    1.0000    1.0000         6
     Bisharp     1.0000    1.0000    1.0000         4
 Blacephalon     1.0000    1.0000    1.0000         2
   Blastoise     0.9231    1.0000    0.9600        12
    Blaziken     1.0000    1.0000    1.0000        10
     Blipbug     1.0000    1.0000    1.0000         4
     Blissey     1.0000    0.7500    0.8571         8
     Blitzle     1.0000    1.0000    1.0000         6
     Boldore     1.0000    1.0000    1.0000         6
     Boltund     1.0000    1.0000    1.0000         4
      Bonsly     1.0000    1.0000    1.0000         6
  Bouffalant     1.0000    0.8333    0.9091         6
   Bounsweet     1.0000    1.0000    1.0000         6
     Braixen     0.7500    1.0000    0.8571         6
    Braviary     1.0000    1.0000    1.0000         6
     Breloom     1.0000    1.0000    1.0000         6
     Brionne     1.0000    1.0000    1.0000         8
    Bronzong     1.0000    1.0000    1.0000         6
     Bronzor     1.0000    1.0000    1.0000         6
     Bruxish     1.0000    1.0000    1.0000         6
       Budew     1.0000    1.0000    1.0000         6
      Buizel     1.0000    0.6667    0.8000         6
   Bulbasaur     1.0000    0.6250    0.7692         8
     Buneary     1.0000    1.0000    1.0000         6
    Bunnelby     1.0000    1.0000    1.0000         6
       Burmy     1.0000    1.0000    1.0000        14
  Butterfree     1.0000    1.0000    1.0000         8
    Buzzwole     1.0000    1.0000    1.0000         6
      Cacnea     1.0000    1.0000    1.0000         6
    Cacturne     1.0000    1.0000    1.0000         6
     Calyrex     1.0000    1.0000    1.0000         8
    Camerupt     0.6923    0.9000    0.7826        10
     Carbink     1.0000    1.0000    1.0000         6
      Carkol     0.6667    1.0000    0.8000         4
   Carnivine     1.0000    1.0000    1.0000         6
  Carracosta     1.0000    1.0000    1.0000         4
    Carvanha     1.0000    1.0000    1.0000         6
     Cascoon     1.0000    0.5000    0.6667         6
    Castform     1.0000    0.9167    0.9565        12
    Caterpie     1.0000    1.0000    1.0000        10
      Celebi     0.8000    1.0000    0.8889         8
  Celesteela     1.0000    1.0000    1.0000         2
 Centiskorch     1.0000    1.0000    1.0000         6
  Chandelure     1.0000    1.0000    1.0000         4
     Chansey     1.0000    1.0000    1.0000         8
   Charizard     0.9231    1.0000    0.9600        12
   Charjabug     1.0000    0.3333    0.5000         6
  Charmander     1.0000    1.0000    1.0000        10
  Charmeleon     1.0000    1.0000    1.0000         8
      Chatot     1.0000    1.0000    1.0000         6
     Cherrim     1.0000    1.0000    1.0000        10
     Cherubi     1.0000    1.0000    1.0000         6
  Chesnaught     1.0000    1.0000    1.0000         6
     Chespin     1.0000    0.6667    0.8000         6
     Chewtle     1.0000    1.0000    1.0000         4
   Chikorita     1.0000    1.0000    1.0000         8
    Chimchar     1.0000    1.0000    1.0000         8
    Chimecho     1.0000    1.0000    1.0000         6
    Chinchou     1.0000    1.0000    1.0000         8
   Chingling     1.0000    1.0000    1.0000         6
    Cinccino     1.0000    1.0000    1.0000         6
   Cinderace     1.0000    0.5000    0.6667         2
    Clamperl     1.0000    1.0000    1.0000         6
   Clauncher     0.8571    1.0000    0.9231         6
   Clawitzer     1.0000    1.0000    1.0000         6
     Claydol     1.0000    0.8333    0.9091         6
    Clefable     0.9091    1.0000    0.9524        10
    Clefairy     1.0000    0.3000    0.4615        10
      Cleffa     1.0000    1.0000    1.0000         8
   Clobbopus     1.0000    1.0000    1.0000         2
    Cloyster     1.0000    1.0000    1.0000        10
   Coalossal     1.0000    1.0000    1.0000         6
    Cobalion     1.0000    1.0000    1.0000         6
  Cofagrigus     1.0000    0.8333    0.9091         6
      Combee     1.0000    1.0000    1.0000         6
   Combusken     1.0000    1.0000    1.0000         6
      Comfey     1.0000    1.0000    1.0000         6
  Conkeldurr     1.0000    1.0000    1.0000         6
  Copperajah     1.0000    1.0000    1.0000         2
    Corphish     1.0000    1.0000    1.0000         6
     Corsola     1.0000    1.0000    1.0000        10
 Corviknight     1.0000    1.0000    1.0000         6
 Corvisquire     1.0000    1.0000    1.0000         4
     Cosmoem     1.0000    1.0000    1.0000         6
      Cosmog     1.0000    1.0000    1.0000         6
    Cottonee     0.5000    1.0000    0.6667         6
Crabominable     1.0000    1.0000    1.0000         6
  Crabrawler     1.0000    1.0000    1.0000         6
     Cradily     1.0000    1.0000    1.0000         6
   Cramorant     1.0000    1.0000    1.0000         6
    Cranidos     1.0000    1.0000    1.0000         6
   Crawdaunt     0.8571    1.0000    0.9231         6
   Cresselia     1.0000    1.0000    1.0000         6
    Croagunk     1.0000    1.0000    1.0000         6
      Crobat     1.0000    1.0000    1.0000         8
    Croconaw     0.8889    1.0000    0.9412         8
     Crustle     1.0000    1.0000    1.0000         6
   Cryogonal     0.6000    1.0000    0.7500         6
     Cubchoo     0.8571    1.0000    0.9231         6
      Cubone     1.0000    1.0000    1.0000        10
      Cufant     1.0000    0.5000    0.6667         4
     Cursola     1.0000    1.0000    1.0000         4
    Cutiefly     1.0000    1.0000    1.0000         6
   Cyndaquil     1.0000    1.0000    1.0000         8
     Darkrai     1.0000    1.0000    1.0000         6
  Darmanitan     0.2128    1.0000    0.3509        10
     Dartrix     1.0000    1.0000    1.0000         6
    Darumaka     1.0000    1.0000    1.0000         8
   Decidueye     0.8750    0.8750    0.8750         8
     Dedenne     1.0000    1.0000    1.0000         6
    Deerling     1.0000    1.0000    1.0000         6
       Deino     1.0000    1.0000    1.0000         6
    Delcatty     1.0000    1.0000    1.0000         6
    Delibird     1.0000    1.0000    1.0000         8
     Delphox     1.0000    1.0000    1.0000         6
      Deoxys     1.0000    1.0000    1.0000        12
     Dewgong     1.0000    1.0000    1.0000        10
      Dewott     0.8571    1.0000    0.9231         6
    Dewpider     1.0000    1.0000    1.0000         6
    Dhelmise     1.0000    0.5000    0.6667         2
      Dialga     0.7143    1.0000    0.8333        10
     Diancie     0.8571    1.0000    0.9231        12
   Diggersby     1.0000    1.0000    1.0000         6
     Diglett     0.7778    1.0000    0.8750        14
       Ditto     0.4762    1.0000    0.6452        10
      Dodrio     0.7692    1.0000    0.8696        10
       Doduo     1.0000    1.0000    1.0000         8
     Donphan     1.0000    1.0000    1.0000         8
     Dottler     1.0000    1.0000    1.0000         4
    Doublade     1.0000    1.0000    1.0000         6
   Dracovish     1.0000    1.0000    1.0000         2
   Dracozolt     1.0000    1.0000    1.0000         4
    Dragalge     1.0000    1.0000    1.0000         6
   Dragapult     1.0000    1.0000    1.0000         4
   Dragonair     1.0000    1.0000    1.0000        10
   Dragonite     0.8333    1.0000    0.9091        10
    Drakloak     0.6667    1.0000    0.8000         4
      Drampa     1.0000    1.0000    1.0000         2
     Drapion     1.0000    1.0000    1.0000         6
     Dratini     1.0000    1.0000    1.0000        10
     Drednaw     1.0000    0.8333    0.9091         6
      Dreepy     1.0000    1.0000    1.0000         4
    Drifblim     1.0000    1.0000    1.0000         6
    Drifloon     1.0000    1.0000    1.0000         6
     Drilbur     1.0000    1.0000    1.0000         6
    Drizzile     1.0000    1.0000    1.0000         4
     Drowzee     1.0000    1.0000    1.0000        10
   Druddigon     1.0000    1.0000    1.0000         6
     Dubwool     1.0000    1.0000    1.0000         4
    Ducklett     1.0000    1.0000    1.0000         6
     Dugtrio     0.8750    1.0000    0.9333        14
   Dunsparce     1.0000    1.0000    1.0000         8
     Duosion     1.0000    0.1667    0.2857         6
   Duraludon     1.0000    1.0000    1.0000         6
      Durant     1.0000    1.0000    1.0000         6
    Dusclops     1.0000    1.0000    1.0000         6
    Dusknoir     1.0000    1.0000    1.0000         6
     Duskull     1.0000    0.8333    0.9091         6
      Dustox     1.0000    1.0000    1.0000         6
     Dwebble     1.0000    1.0000    1.0000         6
   Eelektrik     1.0000    1.0000    1.0000         6
  Eelektross     1.0000    1.0000    1.0000         6
       Eevee     1.0000    1.0000    1.0000        12
      Eiscue     1.0000    0.5000    0.6667         4
       Ekans     1.0000    1.0000    1.0000        10
    Eldegoss     1.0000    1.0000    1.0000         2
  Electabuzz     0.9000    0.9000    0.9000        10
  Electivire     1.0000    1.0000    1.0000         6
   Electrike     0.8571    1.0000    0.9231         6
   Electrode     0.0000    0.0000    0.0000        10
      Elekid     1.0000    1.0000    1.0000         8
      Elgyem     1.0000    1.0000    1.0000         6
      Emboar     0.7500    1.0000    0.8571         6
      Emolga     1.0000    1.0000    1.0000         6
    Empoleon     1.0000    1.0000    1.0000         6
       Entei     1.0000    1.0000    1.0000         8
  Escavalier     1.0000    1.0000    1.0000         6
      Espeon     1.0000    1.0000    1.0000         8
      Espurr     1.0000    1.0000    1.0000         6
   Eternatus     1.0000    1.0000    1.0000         4
   Excadrill     1.0000    1.0000    1.0000         6
   Exeggcute     0.9091    1.0000    0.9524        10
   Exeggutor     1.0000    1.0000    1.0000         8
     Exploud     0.6667    1.0000    0.8000         6
     Falinks     0.6667    1.0000    0.8000         4
  Farfetch'd     0.9091    1.0000    0.9524        10
      Fearow     1.0000    0.7500    0.8571         8
      Feebas     1.0000    0.8333    0.9091         6
    Fennekin     0.8571    1.0000    0.9231         6
  Feraligatr     1.0000    0.5000    0.6667         8
   Ferroseed     1.0000    0.8333    0.9091         6
  Ferrothorn     1.0000    1.0000    1.0000         6
     Finneon     1.0000    1.0000    1.0000         6
     Flaaffy     1.0000    1.0000    1.0000         8
     Flabebe     0.8000    1.0000    0.8889         8
     Flapple     1.0000    0.6667    0.8000         6
     Flareon     1.0000    0.9000    0.9474        10
 Fletchinder     1.0000    0.6667    0.8000         6
  Fletchling     1.0000    1.0000    1.0000         6
    Floatzel     1.0000    1.0000    1.0000         6
     Floette     1.0000    1.0000    1.0000         6
     Florges     1.0000    1.0000    1.0000         6
      Flygon     1.0000    1.0000    1.0000         6
    Fomantis     1.0000    1.0000    1.0000         6
     Foongus     1.0000    1.0000    1.0000         6
  Forretress     1.0000    1.0000    1.0000         8
     Fraxure     1.0000    1.0000    1.0000         6
    Frillish     1.0000    1.0000    1.0000        10
     Froakie     1.0000    1.0000    1.0000         6
   Frogadier     1.0000    1.0000    1.0000         6
    Froslass     1.0000    0.5000    0.6667         6
    Frosmoth     1.0000    1.0000    1.0000         4
     Furfrou     1.0000    1.0000    1.0000        14
      Furret     1.0000    1.0000    1.0000         8
      Gabite     1.0000    0.8333    0.9091         6
     Gallade     1.0000    0.8000    0.8889        10
  Galvantula     1.0000    1.0000    1.0000         6
    Garbodor     1.0000    1.0000    1.0000         8
    Garchomp     1.0000    1.0000    1.0000        10
   Gardevoir     1.0000    1.0000    1.0000        10
      Gastly     0.8000    1.0000    0.8889         8
   Gastrodon     1.0000    0.9000    0.9474        10
    Genesect     1.0000    1.0000    1.0000         6
      Gengar     1.0000    1.0000    1.0000        14
     Geodude     1.0000    1.0000    1.0000        14
       Gible     0.5455    1.0000    0.7059         6
    Gigalith     1.0000    1.0000    1.0000         6
   Girafarig     1.0000    1.0000    1.0000         8
    Giratina     0.7143    1.0000    0.8333        10
     Glaceon     1.0000    1.0000    1.0000         6
      Glalie     1.0000    1.0000    1.0000        10
     Glameow     1.0000    1.0000    1.0000         4
   Glastrier     1.0000    1.0000    1.0000         2
      Gligar     1.0000    1.0000    1.0000         8
     Gliscor     1.0000    1.0000    1.0000         6
       Gloom     1.0000    1.0000    1.0000        10
      Gogoat     1.0000    1.0000    1.0000         6
      Golbat     1.0000    1.0000    1.0000         8
     Goldeen     0.8889    1.0000    0.9412         8
     Golduck     0.8333    1.0000    0.9091        10
       Golem     1.0000    0.8571    0.9231        14
      Golett     0.7500    1.0000    0.8571         6
   Golisopod     0.8571    1.0000    0.9231         6
      Golurk     1.0000    1.0000    1.0000         6
      Goodra     1.0000    1.0000    1.0000         6
       Goomy     1.0000    1.0000    1.0000         6
    Gorebyss     1.0000    1.0000    1.0000         6
  Gossifleur     1.0000    1.0000    1.0000         4
     Gothita     0.7500    1.0000    0.8571         6
  Gothitelle     1.0000    1.0000    1.0000         6
   Gothorita     1.0000    1.0000    1.0000         6
   Gourgeist     1.0000    1.0000    1.0000        10
    Granbull     1.0000    0.7500    0.8571         8
   Grapploct     1.0000    1.0000    1.0000         4
    Graveler     1.0000    0.8571    0.9231        14
    Greedent     1.0000    1.0000    1.0000         4
    Greninja     1.0000    1.0000    1.0000        10
      Grimer     1.0000    1.0000    1.0000        14
  Grimmsnarl     1.0000    1.0000    1.0000         6
     Grookey     1.0000    1.0000    1.0000         6
      Grotle     1.0000    1.0000    1.0000         6
     Groudon     0.8571    1.0000    0.9231        12
     Grovyle     1.0000    1.0000    1.0000         6
   Growlithe     0.8333    1.0000    0.9091        10
     Grubbin     1.0000    0.8333    0.9091         6
     Grumpig     1.0000    1.0000    1.0000         6
      Gulpin     1.0000    1.0000    1.0000         6
    Gumshoos     1.0000    1.0000    1.0000         6
     Gurdurr     1.0000    1.0000    1.0000         6
    Guzzlord     1.0000    1.0000    1.0000         6
    Gyarados     1.0000    1.0000    1.0000        12
    Hakamo-o     1.0000    1.0000    1.0000         6
     Happiny     1.0000    1.0000    1.0000         6
    Hariyama     0.6667    1.0000    0.8000         6
     Hatenna     1.0000    1.0000    1.0000         4
   Hatterene     1.0000    1.0000    1.0000         6
     Hattrem     1.0000    1.0000    1.0000         4
     Haunter     1.0000    1.0000    1.0000         6
    Hawlucha     1.0000    1.0000    1.0000         6
     Haxorus     1.0000    1.0000    1.0000         6
     Heatmor     1.0000    1.0000    1.0000         6
     Heatran     0.6667    1.0000    0.8000         8
   Heliolisk     1.0000    1.0000    1.0000         6
  Helioptile     1.0000    1.0000    1.0000         4
   Heracross     1.0000    1.0000    1.0000         8
     Herdier     1.0000    1.0000    1.0000         6
  Hippopotas     1.0000    1.0000    1.0000         6
   Hippowdon     1.0000    1.0000    1.0000         6
  Hitmonchan     1.0000    1.0000    1.0000        10
   Hitmonlee     1.0000    1.0000    1.0000        10
   Hitmontop     1.0000    1.0000    1.0000         8
       Ho-oh     1.0000    1.0000    1.0000        10
   Honchkrow     0.5000    1.0000    0.6667         6
     Honedge     1.0000    1.0000    1.0000         2
       Hoopa     1.0000    1.0000    1.0000         4
    Hoothoot     1.0000    1.0000    1.0000         8
      Hoppip     1.0000    1.0000    1.0000         8
      Horsea     1.0000    1.0000    1.0000        10
    Houndoom     1.0000    1.0000    1.0000        12
    Houndour     1.0000    1.0000    1.0000         4
     Huntail     1.0000    1.0000    1.0000         4
   Hydreigon     0.7500    1.0000    0.8571         6
       Hypno     0.9091    1.0000    0.9524        10
   Igglybuff     0.8889    1.0000    0.9412         8
    Illumise     1.0000    1.0000    1.0000         6
    Impidimp     1.0000    1.0000    1.0000         4
  Incineroar     1.0000    1.0000    1.0000         6
    Indeedee     1.0000    1.0000    1.0000         4
   Infernape     1.0000    1.0000    1.0000         6
       Inkay     1.0000    1.0000    1.0000         6
    Inteleon     1.0000    1.0000    1.0000         2
     Ivysaur     1.0000    1.0000    1.0000        10
    Jangmo-o     1.0000    1.0000    1.0000         6
   Jellicent     1.0000    1.0000    1.0000        10
  Jigglypuff     1.0000    1.0000    1.0000        10
     Jirachi     1.0000    1.0000    1.0000         6
     Jolteon     0.9091    1.0000    0.9524        10
      Joltik     1.0000    1.0000    1.0000         6
    Jumpluff     1.0000    1.0000    1.0000         6
        Jynx     1.0000    1.0000    1.0000         4
      Kabuto     1.0000    0.4000    0.5714        10
    Kabutops     1.0000    1.0000    1.0000        10
     Kadabra     0.9091    1.0000    0.9524        10
      Kakuna     1.0000    0.9000    0.9474        10
  Kangaskhan     0.8462    0.9167    0.8800        12
  Karrablast     1.0000    1.0000    1.0000         6
     Kartana     1.0000    1.0000    1.0000         6
     Kecleon     1.0000    0.6667    0.8000         6
      Keldeo     1.0000    1.0000    1.0000         8
     Kingdra     0.8889    1.0000    0.9412         8
     Kingler     1.0000    1.0000    1.0000         4
      Kirlia     1.0000    1.0000    1.0000         6
       Klang     1.0000    0.6667    0.8000         6
      Klefki     1.0000    1.0000    1.0000         6
       Klink     0.5455    1.0000    0.7059         6
   Klinklang     1.0000    1.0000    1.0000         4
     Koffing     0.6667    1.0000    0.8000         8
      Komala     1.0000    0.8333    0.9091         6
     Kommo-o     1.0000    1.0000    1.0000         6
      Krabby     1.0000    1.0000    1.0000        10
   Kricketot     1.0000    1.0000    1.0000         6
  Kricketune     1.0000    1.0000    1.0000         6
    Krokorok     1.0000    0.6667    0.8000         6
  Krookodile     1.0000    0.5000    0.6667         4
       Kubfu     1.0000    1.0000    1.0000         4
      Kyogre     1.0000    1.0000    1.0000        12
      Kyurem     0.9091    1.0000    0.9524        10
      Lairon     1.0000    1.0000    1.0000         6
     Lampent     1.0000    1.0000    1.0000         6
    Landorus     1.0000    0.8750    0.9333         8
     Lanturn     1.0000    1.0000    1.0000         8
      Lapras     0.9091    1.0000    0.9524        10
    Larvesta     1.0000    1.0000    1.0000         6
    Larvitar     0.8750    0.8750    0.8750         8
      Latias     1.0000    0.9167    0.9565        12
      Latios     1.0000    0.7500    0.8571        12
     Leafeon     1.0000    1.0000    1.0000         6
    Leavanny     1.0000    1.0000    1.0000         6
      Ledian     1.0000    1.0000    1.0000         8
      Ledyba     1.0000    1.0000    1.0000         8
  Lickilicky     1.0000    1.0000    1.0000         6
   Lickitung     1.0000    0.8000    0.8889        10
     Liepard     1.0000    1.0000    1.0000         6
      Lileep     1.0000    1.0000    1.0000         6
   Lilligant     1.0000    1.0000    1.0000         6
    Lillipup     1.0000    1.0000    1.0000         6
     Linoone     1.0000    1.0000    1.0000         8
      Litleo     1.0000    1.0000    1.0000         6
      Litten     1.0000    0.8750    0.9333         8
     Litwick     1.0000    1.0000    1.0000         6
      Lombre     1.0000    1.0000    1.0000         6
     Lopunny     1.0000    1.0000    1.0000         8
       Lotad     0.8571    1.0000    0.9231         6
     Loudred     0.7500    1.0000    0.8571         6
     Lucario     0.8889    1.0000    0.9412         8
    Ludicolo     1.0000    1.0000    1.0000         6
       Lugia     1.0000    1.0000    1.0000         8
    Lumineon     1.0000    1.0000    1.0000         6
      Lunala     1.0000    1.0000    1.0000         8
    Lunatone     1.0000    1.0000    1.0000         6
    Lurantis     1.0000    1.0000    1.0000         6
     Luvdisc     1.0000    1.0000    1.0000         6
       Luxio     1.0000    1.0000    1.0000         6
      Luxray     1.0000    1.0000    1.0000         6
    Lycanroc     0.8000    0.3333    0.4706        12
     Machamp     1.0000    1.0000    1.0000        12
     Machoke     1.0000    0.9000    0.9474        10
      Machop     1.0000    0.6000    0.7500        10
       Magby     1.0000    0.8750    0.9333         8
    Magcargo     1.0000    0.7500    0.8571         8
    Magearna     1.0000    1.0000    1.0000         6
    Magikarp     1.0000    0.8000    0.8889        10
      Magmar     1.0000    0.8000    0.8889        10
   Magmortar     0.8000    0.6667    0.7273         6
   Magnemite     1.0000    1.0000    1.0000        10
    Magneton     1.0000    1.0000    1.0000         8
   Magnezone     1.0000    1.0000    1.0000         6
    Makuhita     1.0000    1.0000    1.0000         6
     Malamar     1.0000    1.0000    1.0000         6
   Mamoswine     1.0000    1.0000    1.0000         6
     Manaphy     1.0000    1.0000    1.0000         6
   Mandibuzz     0.8571    1.0000    0.9231         6
   Manectric     1.0000    1.0000    1.0000        10
      Mankey     1.0000    1.0000    1.0000        10
     Mantine     1.0000    1.0000    1.0000         8
     Mantyke     1.0000    1.0000    1.0000         6
    Maractus     1.0000    1.0000    1.0000         6
    Mareanie     1.0000    1.0000    1.0000         6
      Mareep     1.0000    0.8750    0.9333         8
      Marill     1.0000    1.0000    1.0000         8
     Marowak     0.8750    1.0000    0.9333        14
   Marshadow     0.6667    1.0000    0.8000         8
   Marshtomp     1.0000    1.0000    1.0000         6
  Masquerain     1.0000    1.0000    1.0000         6
      Mawile     1.0000    0.9000    0.9474        10
    Medicham     1.0000    1.0000    1.0000        10
    Meditite     1.0000    1.0000    1.0000         6
    Meganium     1.0000    0.5000    0.6667         8
    Melmetal     1.0000    1.0000    1.0000         4
    Meloetta     1.0000    1.0000    1.0000         6
      Meltan     1.0000    1.0000    1.0000         2
    Meowstic     1.0000    1.0000    1.0000         8
      Meowth     1.0000    1.0000    1.0000        10
     Mesprit     1.0000    1.0000    1.0000         4
   Metagross     1.0000    1.0000    1.0000        14
      Metang     1.0000    0.6667    0.8000         6
     Metapod     1.0000    1.0000    1.0000        10
         Mew     1.0000    1.0000    1.0000        10
      Mewtwo     1.0000    0.9286    0.9630        14
     Mienfoo     1.0000    1.0000    1.0000         6
    Mienshao     1.0000    1.0000    1.0000         6
   Mightyena     1.0000    1.0000    1.0000         6
     Milcery     1.0000    1.0000    1.0000         4
     Milotic     1.0000    1.0000    1.0000         4
     Miltank     1.0000    0.8750    0.9333         8
     Mime Jr     1.0000    1.0000    1.0000         4
     Mimikyu     1.0000    0.7500    0.8571         8
    Minccino     1.0000    1.0000    1.0000         6
      Minior     1.0000    1.0000    1.0000        10
       Minun     1.0000    1.0000    1.0000         6
  Misdreavus     0.8000    0.5000    0.6154         8
   Mismagius     1.0000    1.0000    1.0000         6
     Moltres     1.0000    0.9167    0.9565        12
    Monferno     1.0000    1.0000    1.0000         6
    Morelull     0.7500    1.0000    0.8571         6
     Morgrem     1.0000    1.0000    1.0000         4
     Morpeko     1.0000    1.0000    1.0000         4
      Mothim     0.8571    1.0000    0.9231         6
    Mr. Mime     1.0000    1.0000    1.0000        10
    Mr. Rime     1.0000    1.0000    1.0000         2
     Mudbray     1.0000    0.8333    0.9091         6
      Mudkip     1.0000    0.6000    0.7500        10
    Mudsdale     1.0000    1.0000    1.0000         6
         Muk     1.0000    0.9286    0.9630        14
    Munchlax     1.0000    1.0000    1.0000         6
       Munna     0.8000    0.6667    0.7273         6
     Murkrow     1.0000    0.8750    0.9333         8
    Musharna     1.0000    1.0000    1.0000         6
   Naganadel     1.0000    1.0000    1.0000         6
        Natu     1.0000    1.0000    1.0000         8
    Necrozma     0.8571    1.0000    0.9231         6
      Nickit     1.0000    1.0000    1.0000         4
    Nidoking     0.8333    1.0000    0.9091        10
   Nidoqueen     0.9000    0.9000    0.9000        10
   Nidoran-f     0.6667    1.0000    0.8000        10
   Nidoran-m     0.8182    0.9000    0.8571        10
    Nidorina     0.6667    1.0000    0.8000        10
    Nidorino     1.0000    1.0000    1.0000        10
    Nihilego     1.0000    1.0000    1.0000         4
     Nincada     1.0000    1.0000    1.0000         6
   Ninetales     1.0000    1.0000    1.0000        14
     Ninjask     1.0000    1.0000    1.0000         6
     Noctowl     1.0000    0.7500    0.8571         8
      Noibat     1.0000    1.0000    1.0000         6
     Noivern     1.0000    1.0000    1.0000         6
    Nosepass     1.0000    0.8333    0.9091         6
       Numel     1.0000    1.0000    1.0000         6
     Nuzleaf     1.0000    1.0000    1.0000         6
   Obstagoon     1.0000    1.0000    1.0000         6
   Octillery     1.0000    0.8750    0.9333         8
      Oddish     1.0000    1.0000    1.0000        10
     Omanyte     1.0000    1.0000    1.0000        10
     Omastar     1.0000    1.0000    1.0000        10
        Onix     1.0000    0.7500    0.8571         8
    Oranguru     1.0000    1.0000    1.0000         6
    Orbeetle     1.0000    1.0000    1.0000         4
    Oricorio     1.0000    0.8333    0.9091        12
    Oshawott     1.0000    1.0000    1.0000         8
   Pachirisu     0.6667    0.6667    0.6667         6
      Palkia     1.0000    1.0000    1.0000        10
   Palossand     1.0000    1.0000    1.0000         6
   Palpitoad     1.0000    1.0000    1.0000         6
     Pancham     1.0000    1.0000    1.0000         6
     Pangoro     1.0000    1.0000    1.0000         6
     Panpour     1.0000    0.5000    0.6667         4
     Pansage     0.6667    1.0000    0.8000         4
     Pansear     1.0000    1.0000    1.0000         6
       Paras     1.0000    1.0000    1.0000         8
    Parasect     1.0000    1.0000    1.0000        10
   Passimian     1.0000    1.0000    1.0000         6
      Patrat     1.0000    1.0000    1.0000         6
    Pawniard     1.0000    0.6667    0.8000         6
    Pelipper     1.0000    1.0000    1.0000         6
  Perrserker     1.0000    1.0000    1.0000         4
     Persian     1.0000    0.9286    0.9630        14
     Petilil     1.0000    1.0000    1.0000         6
      Phanpy     1.0000    1.0000    1.0000         8
    Phantump     1.0000    1.0000    1.0000         6
   Pheromosa     1.0000    1.0000    1.0000         2
      Phione     1.0000    1.0000    1.0000         6
       Pichu     1.0000    1.0000    1.0000         8
     Pidgeot     0.9333    1.0000    0.9655        14
   Pidgeotto     1.0000    1.0000    1.0000        10
      Pidgey     0.8889    1.0000    0.9412         8
      Pidove     1.0000    1.0000    1.0000         6
     Pignite     1.0000    1.0000    1.0000         6
     Pikachu     0.8571    1.0000    0.9231         6
     Pikipek     1.0000    1.0000    1.0000         6
   Piloswine     0.7273    1.0000    0.8421         8
  Pincurchin     1.0000    1.0000    1.0000         4
      Pineco     1.0000    0.7500    0.8571         8
      Pinsir     0.9167    0.9167    0.9167        12
      Piplup     1.0000    1.0000    1.0000         8
      Plusle     1.0000    1.0000    1.0000         6
     Poipole     1.0000    1.0000    1.0000         8
    Politoed     0.8889    1.0000    0.9412         8
     Poliwag     1.0000    1.0000    1.0000        10
   Poliwhirl     1.0000    1.0000    1.0000        10
   Poliwrath     1.0000    1.0000    1.0000         8
 Polteageist     1.0000    1.0000    1.0000         4
      Ponyta     0.9231    1.0000    0.9600        12
   Poochyena     1.0000    1.0000    1.0000         6
     Popplio     1.0000    1.0000    1.0000        10
     Porygon     1.0000    1.0000    1.0000        10
   Porygon-Z     0.8000    1.0000    0.8889         4
    Porygon2     1.0000    1.0000    1.0000         8
   Primarina     1.0000    1.0000    1.0000         6
    Primeape     0.9091    1.0000    0.9524        10
    Prinplup     1.0000    1.0000    1.0000         6
   Probopass     1.0000    1.0000    1.0000         6
     Psyduck     0.7143    1.0000    0.8333        10
   Pumpkaboo     1.0000    1.0000    1.0000        10
     Pupitar     1.0000    1.0000    1.0000         8
    Purrloin     1.0000    1.0000    1.0000         6
     Purugly     1.0000    1.0000    1.0000         6
      Pyroar     1.0000    1.0000    1.0000         8
   Pyukumuku     1.0000    1.0000    1.0000         6
    Quagsire     1.0000    0.6250    0.7692         8
     Quilava     1.0000    1.0000    1.0000         8
   Quilladin     1.0000    1.0000    1.0000         6
    Qwilfish     1.0000    0.8750    0.9333         8
      Raboot     1.0000    1.0000    1.0000         4
      Raichu     1.0000    0.9286    0.9630        14
      Raikou     1.0000    1.0000    1.0000        10
       Ralts     1.0000    1.0000    1.0000         6
   Rampardos     1.0000    0.8333    0.9091         6
    Rapidash     0.8571    1.0000    0.9231        12
    Raticate     1.0000    0.9286    0.9630        14
     Rattata     0.9167    0.7857    0.8462        14
    Rayquaza     1.0000    1.0000    1.0000         8
      Regice     1.0000    0.6667    0.8000         6
   Regidrago     1.0000    1.0000    1.0000         4
   Regieleki     1.0000    1.0000    1.0000         4
   Regigigas     1.0000    1.0000    1.0000         8
    Regirock     1.0000    1.0000    1.0000         6
   Registeel     1.0000    1.0000    1.0000         6
   Relicanth     1.0000    1.0000    1.0000         6
    Remoraid     1.0000    1.0000    1.0000         8
    Reshiram     0.7143    1.0000    0.8333        10
   Reuniclus     1.0000    1.0000    1.0000         6
      Rhydon     1.0000    1.0000    1.0000        10
     Rhyhorn     1.0000    1.0000    1.0000         8
   Rhyperior     1.0000    1.0000    1.0000         6
    Ribombee     1.0000    1.0000    1.0000         6
   Rillaboom     1.0000    1.0000    1.0000         4
       Riolu     1.0000    1.0000    1.0000         6
    Rockruff     1.0000    0.9000    0.9474        10
  Roggenrola     1.0000    1.0000    1.0000         6
    Rolycoly     1.0000    1.0000    1.0000         6
    Rookidee     1.0000    1.0000    1.0000         4
     Roselia     1.0000    1.0000    1.0000         6
    Roserade     1.0000    1.0000    1.0000         6
       Rotom     1.0000    1.0000    1.0000        12
      Rowlet     1.0000    0.5000    0.6667         8
     Rufflet     1.0000    1.0000    1.0000         6
   Runerigus     1.0000    1.0000    1.0000         4
     Sableye     1.0000    0.8000    0.8889        10
   Salamence     0.9091    1.0000    0.9524        10
    Salandit     1.0000    0.8333    0.9091         6
    Salazzle     0.7500    1.0000    0.8571         6
    Samurott     1.0000    1.0000    1.0000         6
  Sandaconda     0.2857    1.0000    0.4444         4
     Sandile     1.0000    1.0000    1.0000         6
   Sandshrew     0.9286    0.9286    0.9286        14
   Sandslash     0.7778    0.8750    0.8235         8
   Sandygast     1.0000    1.0000    1.0000         6
        Sawk     1.0000    1.0000    1.0000         6
    Sawsbuck     1.0000    0.8571    0.9231        14
  Scatterbug     1.0000    1.0000    1.0000         6
    Sceptile     1.0000    1.0000    1.0000         8
      Scizor     1.0000    1.0000    1.0000        12
   Scolipede     1.0000    1.0000    1.0000         6
   Scorbunny     1.0000    0.8333    0.9091         6
     Scrafty     1.0000    1.0000    1.0000         6
     Scraggy     0.7500    1.0000    0.8571         6
     Scyther     0.8889    1.0000    0.9412         8
      Seadra     1.0000    1.0000    1.0000        10
     Seaking     1.0000    1.0000    1.0000        10
      Sealeo     1.0000    1.0000    1.0000         6
      Seedot     1.0000    1.0000    1.0000         6
        Seel     1.0000    1.0000    1.0000        10
  Seismitoad     0.8571    1.0000    0.9231         6
     Sentret     1.0000    1.0000    1.0000         8
   Serperior     1.0000    1.0000    1.0000         6
     Servine     0.8571    1.0000    0.9231         6
     Seviper     1.0000    1.0000    1.0000         6
    Sewaddle     1.0000    1.0000    1.0000         6
    Sharpedo     1.0000    1.0000    1.0000        10
     Shaymin     1.0000    1.0000    1.0000         8
    Shedinja     1.0000    0.8333    0.9091         6
     Shelgon     1.0000    0.8333    0.9091         6
    Shellder     1.0000    1.0000    1.0000        10
     Shellos     0.7692    1.0000    0.8696        10
     Shelmet     1.0000    1.0000    1.0000         6
    Shieldon     1.0000    0.8333    0.9091         6
     Shiftry     0.6667    1.0000    0.8000         6
   Shiinotic     1.0000    1.0000    1.0000         6
       Shinx     0.8571    1.0000    0.9231         6
   Shroomish     1.0000    1.0000    1.0000         6
     Shuckle     1.0000    1.0000    1.0000         8
     Shuppet     1.0000    1.0000    1.0000         6
    Sigilyph     1.0000    1.0000    1.0000         6
     Silcoon     0.6667    1.0000    0.8000         6
   Silicobra     1.0000    1.0000    1.0000         4
    Silvally     1.0000    1.0000    1.0000        12
    Simipour     1.0000    1.0000    1.0000         6
    Simisage     1.0000    1.0000    1.0000         6
    Simisear     1.0000    1.0000    1.0000         6
    Sinistea     1.0000    1.0000    1.0000         2
  Sirfetch'd     1.0000    1.0000    1.0000         4
  Sizzlipede     1.0000    1.0000    1.0000         4
    Skarmory     1.0000    1.0000    1.0000         8
      Skiddo     0.8333    0.8333    0.8333         6
    Skiploom     0.8000    0.5000    0.6154         8
      Skitty     1.0000    1.0000    1.0000         6
     Skorupi     1.0000    1.0000    1.0000         6
      Skrelp     1.0000    1.0000    1.0000         6
    Skuntank     1.0000    1.0000    1.0000         6
     Skwovet     1.0000    1.0000    1.0000         4
     Slaking     1.0000    1.0000    1.0000         6
     Slakoth     1.0000    1.0000    1.0000         6
     Sliggoo     1.0000    1.0000    1.0000         6
     Slowbro     1.0000    1.0000    1.0000        12
    Slowking     1.0000    1.0000    1.0000         8
    Slowpoke     1.0000    1.0000    1.0000        12
      Slugma     0.7778    0.8750    0.8235         8
    Slurpuff     1.0000    1.0000    1.0000         6
    Smeargle     1.0000    1.0000    1.0000         8
    Smoochum     1.0000    1.0000    1.0000         8
     Sneasel     1.0000    1.0000    1.0000         8
       Snivy     1.0000    1.0000    1.0000         6
        Snom     1.0000    1.0000    1.0000         4
     Snorlax     0.0000    0.0000    0.0000        10
     Snorunt     1.0000    1.0000    1.0000         6
      Snover     1.0000    1.0000    1.0000         6
    Snubbull     0.5000    0.2500    0.3333         8
      Sobble     1.0000    1.0000    1.0000         4
    Solgaleo     1.0000    1.0000    1.0000         6
     Solosis     0.0000    0.0000    0.0000         6
     Solrock     1.0000    1.0000    1.0000         6
     Spearow     0.9091    1.0000    0.9524        10
   Spectrier     1.0000    1.0000    1.0000         4
      Spewpa     1.0000    0.6667    0.8000         6
      Spheal     0.0000    0.0000    0.0000         6
    Spinarak     1.0000    1.0000    1.0000         8
      Spinda     0.4286    0.5000    0.4615         6
   Spiritomb     1.0000    0.6667    0.8000         6
      Spoink     1.0000    0.5000    0.6667         6
    Spritzee     1.0000    0.5000    0.6667         6
    Squirtle     0.8000    1.0000    0.8889         8
   Stakataka     1.0000    1.0000    1.0000         6
    Stantler     1.0000    1.0000    1.0000         8
   Staraptor     0.7500    1.0000    0.8571         6
    Staravia     1.0000    0.6667    0.8000         6
      Starly     0.8571    1.0000    0.9231         6
     Starmie     1.0000    1.0000    1.0000        10
      Staryu     1.0000    1.0000    1.0000        10
     Steelix     1.0000    1.0000    1.0000        10
     Steenee     1.0000    1.0000    1.0000         6
 Stonjourner     1.0000    1.0000    1.0000         4
   Stoutland     1.0000    1.0000    1.0000         6
     Stufful     1.0000    1.0000    1.0000         8
    Stunfisk     1.0000    1.0000    1.0000         8
      Stunky     1.0000    1.0000    1.0000         6
   Sudowoodo     1.0000    1.0000    1.0000         8
     Suicune     1.0000    1.0000    1.0000         6
    Sunflora     1.0000    1.0000    1.0000         8
     Sunkern     1.0000    1.0000    1.0000         8
     Surskit     0.7500    1.0000    0.8571         6
      Swablu     1.0000    1.0000    1.0000         4
    Swadloon     1.0000    1.0000    1.0000         6
      Swalot     0.6667    0.3333    0.4444         6
    Swampert     1.0000    1.0000    1.0000        10
      Swanna     1.0000    1.0000    1.0000         6
     Swellow     1.0000    1.0000    1.0000         6
      Swinub     1.0000    0.2500    0.4000         8
     Swirlix     1.0000    1.0000    1.0000         8
     Swoobat     1.0000    1.0000    1.0000         6
     Sylveon     1.0000    1.0000    1.0000         6
     Taillow     1.0000    1.0000    1.0000         6
  Talonflame     1.0000    1.0000    1.0000         6
     Tangela     1.0000    1.0000    1.0000         8
   Tangrowth     1.0000    1.0000    1.0000         6
   Tapu Bulu     0.8000    1.0000    0.8889         4
   Tapu Fini     0.6667    1.0000    0.8000         4
   Tapu Koko     1.0000    1.0000    1.0000         4
   Tapu Lele     1.0000    1.0000    1.0000         4
      Tauros     1.0000    1.0000    1.0000        10
   Teddiursa     0.8000    1.0000    0.8889         8
   Tentacool     1.0000    1.0000    1.0000        10
  Tentacruel     1.0000    1.0000    1.0000         8
       Tepig     1.0000    1.0000    1.0000         8
   Terrakion     0.8571    1.0000    0.9231         6
     Thievul     1.0000    1.0000    1.0000         4
       Throh     1.0000    1.0000    1.0000         6
   Thundurus     1.0000    0.7000    0.8235        10
    Thwackey     1.0000    1.0000    1.0000         4
     Timburr     1.0000    1.0000    1.0000         6
    Tirtouga     1.0000    1.0000    1.0000         6
  Togedemaru     1.0000    1.0000    1.0000         6
    Togekiss     1.0000    1.0000    1.0000         6
      Togepi     0.5000    0.5000    0.5000         8
     Togetic     1.0000    1.0000    1.0000         8
     Torchic     1.0000    1.0000    1.0000        10
     Torkoal     1.0000    1.0000    1.0000         6
    Tornadus     0.9000    0.9000    0.9000        10
    Torracat     1.0000    0.7500    0.8571         8
    Torterra     0.8571    1.0000    0.9231         6
    Totodile     1.0000    1.0000    1.0000         8
   Toucannon     1.0000    1.0000    1.0000         6
     Toxapex     1.0000    1.0000    1.0000         6
       Toxel     1.0000    1.0000    1.0000         4
   Toxicroak     1.0000    1.0000    1.0000         6
  Toxtricity     0.8000    1.0000    0.8889         4
   Tranquill     1.0000    1.0000    1.0000         6
    Trapinch     0.5000    1.0000    0.6667         6
     Treecko     1.0000    1.0000    1.0000        10
   Trevenant     1.0000    1.0000    1.0000         6
     Tropius     1.0000    1.0000    1.0000         6
    Trubbish     1.0000    1.0000    1.0000         6
    Trumbeak     1.0000    1.0000    1.0000         6
    Tsareena     1.0000    1.0000    1.0000         6
  Turtonator     1.0000    1.0000    1.0000         6
     Turtwig     1.0000    1.0000    1.0000         8
     Tympole     0.7500    1.0000    0.8571         6
      Tynamo     0.8571    1.0000    0.9231         6
   Type Null     1.0000    1.0000    1.0000         4
  Typhlosion     1.0000    1.0000    1.0000         8
   Tyranitar     0.8571    1.0000    0.9231        12
   Tyrantrum     0.7500    1.0000    0.8571         6
     Tyrogue     1.0000    1.0000    1.0000         8
      Tyrunt     1.0000    1.0000    1.0000         6
     Umbreon     1.0000    1.0000    1.0000         8
    Unfezant     0.8889    1.0000    0.9412         8
       Unown     1.0000    1.0000    1.0000        14
    Ursaring     1.0000    1.0000    1.0000         8
     Urshifu     0.8889    1.0000    0.9412         8
        Uxie     1.0000    1.0000    1.0000         6
   Vanillish     1.0000    1.0000    1.0000         6
   Vanillite     1.0000    1.0000    1.0000         6
   Vanilluxe     1.0000    1.0000    1.0000         6
    Vaporeon     1.0000    1.0000    1.0000         8
    Venipede     1.0000    1.0000    1.0000         6
    Venomoth     0.9091    1.0000    0.9524        10
     Venonat     1.0000    1.0000    1.0000        10
    Venusaur     0.8182    1.0000    0.9000        18
   Vespiquen     1.0000    1.0000    1.0000         6
     Vibrava     1.0000    1.0000    1.0000         6
     Victini     1.0000    1.0000    1.0000         6
  Victreebel     0.8000    1.0000    0.8889         8
    Vigoroth     1.0000    0.5000    0.6667         6
    Vikavolt     1.0000    0.6667    0.8000         6
   Vileplume     1.0000    1.0000    1.0000        10
    Virizion     1.0000    0.6667    0.8000         6
    Vivillon     1.0000    1.0000    1.0000        14
     Volbeat     1.0000    1.0000    1.0000         6
   Volcanion     1.0000    1.0000    1.0000         6
   Volcarona     1.0000    1.0000    1.0000         6
     Voltorb     0.0000    0.0000    0.0000        10
     Vullaby     1.0000    1.0000    1.0000         6
      Vulpix     1.0000    1.0000    1.0000         8
     Wailmer     0.0000    0.0000    0.0000         6
     Wailord     1.0000    1.0000    1.0000         6
     Walrein     1.0000    1.0000    1.0000         6
   Wartortle     1.0000    1.0000    1.0000        10
     Watchog     1.0000    0.8333    0.9091         6
     Weavile     1.0000    1.0000    1.0000         6
      Weedle     1.0000    1.0000    1.0000        10
  Weepinbell     1.0000    1.0000    1.0000        10
     Weezing     0.8000    1.0000    0.8889         8
  Whimsicott     0.0000    0.0000    0.0000         6
  Whirlipede     1.0000    1.0000    1.0000         6
    Whiscash     1.0000    0.5000    0.6667         6
     Whismur     1.0000    1.0000    1.0000         6
  Wigglytuff     1.0000    1.0000    1.0000        10
      Wimpod     1.0000    1.0000    1.0000         6
     Wingull     1.0000    1.0000    1.0000         6
  Wishiwashi     0.6667    0.5000    0.5714         8
   Wobbuffet     1.0000    1.0000    1.0000         8
      Woobat     0.8571    1.0000    0.9231         6
      Wooloo     0.6667    1.0000    0.8000         6
      Wooper     1.0000    1.0000    1.0000         8
    Wormadam     1.0000    1.0000    1.0000        12
     Wurmple     1.0000    1.0000    1.0000         6
      Wynaut     1.0000    1.0000    1.0000         6
        Xatu     0.8000    1.0000    0.8889         8
     Xerneas     0.7692    1.0000    0.8696        10
   Xurkitree     1.0000    1.0000    1.0000         6
      Yamask     1.0000    1.0000    1.0000         8
      Yamper     0.6667    1.0000    0.8000         6
       Yanma     1.0000    1.0000    1.0000         8
     Yanmega     1.0000    1.0000    1.0000         6
     Yungoos     1.0000    1.0000    1.0000         6
     Yveltal     1.0000    0.4167    0.5882        12
      Zacian     1.0000    1.0000    1.0000         8
   Zamazenta     1.0000    0.6250    0.7692         8
    Zangoose     1.0000    0.6667    0.8000         6
      Zapdos     1.0000    0.8571    0.9231        14
      Zarude     1.0000    1.0000    1.0000         2
   Zebstrika     1.0000    1.0000    1.0000         6
      Zekrom     1.0000    0.8000    0.8889        10
     Zeraora     1.0000    1.0000    1.0000         6
   Zigzagoon     0.0000    0.0000    0.0000         8
     Zoroark     0.8333    0.8333    0.8333         6
       Zorua     1.0000    0.1667    0.2857         6
       Zubat     1.0000    0.9000    0.9474        10
    Zweilous     1.0000    1.0000    1.0000         6
     Zygarde     1.0000    0.7500    0.8571        12

    accuracy                         0.9453      6394
   macro avg     0.9542    0.9480    0.9435      6394
weighted avg     0.9513    0.9453    0.9408      6394
