              precision    recall  f1-score   support

   Abomasnow     0.6667    0.8000    0.7273         5
        Abra     0.6667    0.8000    0.7273         5
       Absol     0.4000    0.4000    0.4000         5
    Accelgor     1.0000    1.0000    1.0000         3
   Aegislash     1.0000    0.7500    0.8571         4
  Aerodactyl     0.5000    0.7143    0.5882         7
      Aggron     0.2857    0.4000    0.3333         5
       Aipom     1.0000    1.0000    1.0000         4
    Alakazam     0.4444    0.5714    0.5000         7
    Alcremie     1.0000    0.6667    0.8000         3
   Alomomola     1.0000    0.6667    0.8000         3
     Altaria     1.0000    0.6000    0.7500         5
      Amaura     0.6000    1.0000    0.7500         3
     Ambipom     1.0000    1.0000    1.0000         3
   Amoonguss     0.5000    1.0000    0.6667         3
    Ampharos     0.6000    0.5000    0.5455         6
     Anorith     1.0000    0.6667    0.8000         3
    Appletun     1.0000    0.3333    0.5000         3
      Applin     0.0000    0.0000    0.0000         2
   Araquanid     1.0000    0.6667    0.8000         3
       Arbok     0.2857    0.8000    0.4211         5
    Arcanine     0.4286    0.6000    0.5000         5
      Arceus     1.0000    1.0000    1.0000         2
      Archen     1.0000    1.0000    1.0000         3
    Archeops     0.4000    0.6667    0.5000         3
   Arctovish     0.0000    0.0000    0.0000         2
   Arctozolt     0.0000    0.0000    0.0000         1
     Ariados     1.0000    0.5000    0.6667         2
     Armaldo     0.7500    1.0000    0.8571         3
  Aromatisse     1.0000    1.0000    1.0000         3
        Aron     1.0000    0.3333    0.5000         3
    Arrokuda     0.0000    0.0000    0.0000         2
    Articuno     0.6250    0.8333    0.7143         6
      Audino     0.6000    0.7500    0.6667         4
     Aurorus     1.0000    1.0000    1.0000         3
     Avalugg     0.0000    0.0000    0.0000         3
        Axew     0.5000    0.6667    0.5714         3
       Azelf     1.0000    0.3333    0.5000         3
   Azumarill     0.6667    1.0000    0.8000         4
     Azurill     0.0000    0.0000    0.0000         2
       Bagon     1.0000    0.6667    0.8000         3
      Baltoy     1.0000    1.0000    1.0000         3
     Banette     1.0000    0.8000    0.8889         5
  Barbaracle     1.0000    1.0000    1.0000         3
    Barboach     0.4286    1.0000    0.6000         3
 Barraskewda     1.0000    1.0000    1.0000         2
    Basculin     1.0000    0.2500    0.4000         4
   Bastiodon     1.0000    0.3333    0.5000         3
     Bayleef     1.0000    0.7500    0.8571         4
     Beartic     1.0000    1.0000    1.0000         3
   Beautifly     1.0000    0.6667    0.8000         3
    Beedrill     0.5714    0.8000    0.6667         5
    Beheeyem     1.0000    1.0000    1.0000         3
      Beldum     1.0000    0.2500    0.4000         4
   Bellossom     0.5000    1.0000    0.6667         4
  Bellsprout     1.0000    1.0000    1.0000         4
    Bergmite     1.0000    0.6667    0.8000         3
      Bewear     1.0000    1.0000    1.0000         3
     Bibarel     1.0000    0.6667    0.8000         3
      Bidoof     0.0000    0.0000    0.0000         3
     Binacle     1.0000    1.0000    1.0000         3
     Bisharp     0.0000    0.0000    0.0000         2
 Blacephalon     0.0000    0.0000    0.0000         1
   Blastoise     0.7500    0.5000    0.6000         6
    Blaziken     1.0000    0.2000    0.3333         5
     Blipbug     1.0000    1.0000    1.0000         2
     Blissey     1.0000    0.7500    0.8571         4
     Blitzle     1.0000    1.0000    1.0000         3
     Boldore     1.0000    0.6667    0.8000         3
     Boltund     1.0000    0.5000    0.6667         2
      Bonsly     1.0000    1.0000    1.0000         3
  Bouffalant     1.0000    1.0000    1.0000         3
   Bounsweet     0.6667    0.6667    0.6667         3
     Braixen     1.0000    1.0000    1.0000         3
    Braviary     1.0000    1.0000    1.0000         3
     Breloom     0.6667    0.6667    0.6667         3
     Brionne     0.6667    0.5000    0.5714         4
    Bronzong     0.7500    1.0000    0.8571         3
     Bronzor     1.0000    0.3333    0.5000         3
     Bruxish     1.0000    1.0000    1.0000         3
       Budew     0.6667    0.6667    0.6667         3
      Buizel     1.0000    0.3333    0.5000         3
   Bulbasaur     1.0000    0.2500    0.4000         4
     Buneary     1.0000    0.6667    0.8000         3
    Bunnelby     1.0000    1.0000    1.0000         3
       Burmy     0.8750    1.0000    0.9333         7
  Butterfree     1.0000    1.0000    1.0000         4
    Buzzwole     0.7500    1.0000    0.8571         3
      Cacnea     0.7500    1.0000    0.8571         3
    Cacturne     0.7500    1.0000    0.8571         3
     Calyrex     1.0000    0.5000    0.6667         4
    Camerupt     0.5000    0.4000    0.4444         5
     Carbink     1.0000    1.0000    1.0000         3
      Carkol     1.0000    1.0000    1.0000         2
   Carnivine     1.0000    1.0000    1.0000         3
  Carracosta     1.0000    0.5000    0.6667         2
    Carvanha     0.7500    1.0000    0.8571         3
     Cascoon     0.6000    1.0000    0.7500         3
    Castform     0.1739    0.6667    0.2759         6
    Caterpie     0.2667    0.8000    0.4000         5
      Celebi     1.0000    1.0000    1.0000         4
  Celesteela     1.0000    1.0000    1.0000         1
 Centiskorch     0.7500    1.0000    0.8571         3
  Chandelure     1.0000    1.0000    1.0000         2
     Chansey     1.0000    0.7500    0.8571         4
   Charizard     0.4545    0.8333    0.5882         6
   Charjabug     0.5000    0.6667    0.5714         3
  Charmander     1.0000    1.0000    1.0000         5
  Charmeleon     0.6667    1.0000    0.8000         4
      Chatot     1.0000    1.0000    1.0000         3
     Cherrim     1.0000    0.4000    0.5714         5
     Cherubi     1.0000    1.0000    1.0000         3
  Chesnaught     0.6000    1.0000    0.7500         3
     Chespin     1.0000    1.0000    1.0000         3
     Chewtle     0.0000    0.0000    0.0000         2
   Chikorita     1.0000    1.0000    1.0000         4
    Chimchar     1.0000    0.7500    0.8571         4
    Chimecho     1.0000    1.0000    1.0000         3
    Chinchou     0.6667    1.0000    0.8000         4
   Chingling     1.0000    0.6667    0.8000         3
    Cinccino     1.0000    1.0000    1.0000         3
   Cinderace     1.0000    1.0000    1.0000         1
    Clamperl     0.5000    0.3333    0.4000         3
   Clauncher     0.6667    0.6667    0.6667         3
   Clawitzer     1.0000    0.6667    0.8000         3
     Claydol     1.0000    0.3333    0.5000         3
    Clefable     0.8333    1.0000    0.9091         5
    Clefairy     0.3333    0.4000    0.3636         5
      Cleffa     0.5000    0.2500    0.3333         4
   Clobbopus     1.0000    1.0000    1.0000         1
    Cloyster     1.0000    1.0000    1.0000         5
   Coalossal     1.0000    0.6667    0.8000         3
    Cobalion     1.0000    1.0000    1.0000         3
  Cofagrigus     1.0000    1.0000    1.0000         3
      Combee     0.7500    1.0000    0.8571         3
   Combusken     0.0000    0.0000    0.0000         3
      Comfey     1.0000    1.0000    1.0000         3
  Conkeldurr     0.5000    0.6667    0.5714         3
  Copperajah     0.0000    0.0000    0.0000         1
    Corphish     0.6000    1.0000    0.7500         3
     Corsola     0.4444    0.8000    0.5714         5
 Corviknight     1.0000    0.3333    0.5000         3
 Corvisquire     0.0000    0.0000    0.0000         2
     Cosmoem     1.0000    1.0000    1.0000         3
      Cosmog     1.0000    1.0000    1.0000         3
    Cottonee     1.0000    1.0000    1.0000         3
Crabominable     1.0000    1.0000    1.0000         3
  Crabrawler     0.7500    1.0000    0.8571         3
     Cradily     0.6000    1.0000    0.7500         3
   Cramorant     0.0000    0.0000    0.0000         3
    Cranidos     0.0000    0.0000    0.0000         3
   Crawdaunt     1.0000    0.6667    0.8000         3
   Cresselia     1.0000    0.6667    0.8000         3
    Croagunk     0.5000    0.6667    0.5714         3
      Crobat     0.3333    1.0000    0.5000         4
    Croconaw     1.0000    1.0000    1.0000         4
     Crustle     0.7500    1.0000    0.8571         3
   Cryogonal     0.5000    0.3333    0.4000         3
     Cubchoo     1.0000    0.3333    0.5000         3
      Cubone     0.6667    0.4000    0.5000         5
      Cufant     0.0000    0.0000    0.0000         2
     Cursola     1.0000    1.0000    1.0000         2
    Cutiefly     1.0000    1.0000    1.0000         3
   Cyndaquil     0.6667    0.5000    0.5714         4
     Darkrai     1.0000    0.6667    0.8000         3
  Darmanitan     0.0000    0.0000    0.0000         5
     Dartrix     0.6667    0.6667    0.6667         3
    Darumaka     1.0000    0.5000    0.6667         4
   Decidueye     1.0000    1.0000    1.0000         4
     Dedenne     0.7500    1.0000    0.8571         3
    Deerling     1.0000    1.0000    1.0000         3
       Deino     1.0000    1.0000    1.0000         3
    Delcatty     0.7500    1.0000    0.8571         3
    Delibird     1.0000    0.5000    0.6667         4
     Delphox     1.0000    0.6667    0.8000         3
      Deoxys     0.8000    0.6667    0.7273         6
     Dewgong     0.5000    0.2000    0.2857         5
      Dewott     1.0000    1.0000    1.0000         3
    Dewpider     1.0000    1.0000    1.0000         3
    Dhelmise     1.0000    1.0000    1.0000         1
      Dialga     0.6250    1.0000    0.7692         5
     Diancie     1.0000    0.3333    0.5000         6
   Diggersby     0.7500    1.0000    0.8571         3
     Diglett     0.3158    0.8571    0.4615         7
       Ditto     0.3333    0.4000    0.3636         5
      Dodrio     0.5556    1.0000    0.7143         5
       Doduo     1.0000    0.7500    0.8571         4
     Donphan     0.7500    0.7500    0.7500         4
     Dottler     0.0000    0.0000    0.0000         2
    Doublade     0.7500    1.0000    0.8571         3
   Dracovish     0.0000    0.0000    0.0000         1
   Dracozolt     1.0000    1.0000    1.0000         2
    Dragalge     0.7500    1.0000    0.8571         3
   Dragapult     1.0000    1.0000    1.0000         2
   Dragonair     0.7143    1.0000    0.8333         5
   Dragonite     0.5000    0.8000    0.6154         5
    Drakloak     0.6667    1.0000    0.8000         2
      Drampa     0.0000    0.0000    0.0000         1
     Drapion     1.0000    1.0000    1.0000         3
     Dratini     0.6667    0.8000    0.7273         5
     Drednaw     0.0000    0.0000    0.0000         3
      Dreepy     1.0000    1.0000    1.0000         2
    Drifblim     1.0000    1.0000    1.0000         3
    Drifloon     1.0000    1.0000    1.0000         3
     Drilbur     0.0000    0.0000    0.0000         3
    Drizzile     1.0000    1.0000    1.0000         2
     Drowzee     0.6667    0.4000    0.5000         5
   Druddigon     1.0000    0.3333    0.5000         3
     Dubwool     1.0000    1.0000    1.0000         2
    Ducklett     0.3750    1.0000    0.5455         3
     Dugtrio     0.7500    0.4286    0.5455         7
   Dunsparce     1.0000    0.5000    0.6667         4
     Duosion     0.5000    0.3333    0.4000         3
   Duraludon     1.0000    0.6667    0.8000         3
      Durant     0.7500    1.0000    0.8571         3
    Dusclops     1.0000    0.6667    0.8000         3
    Dusknoir     1.0000    0.3333    0.5000         3
     Duskull     1.0000    0.6667    0.8000         3
      Dustox     1.0000    0.3333    0.5000         3
     Dwebble     0.6667    0.6667    0.6667         3
   Eelektrik     1.0000    0.6667    0.8000         3
  Eelektross     1.0000    0.6667    0.8000         3
       Eevee     0.7143    0.8333    0.7692         6
      Eiscue     1.0000    0.5000    0.6667         2
       Ekans     0.2778    1.0000    0.4348         5
    Eldegoss     0.0000    0.0000    0.0000         1
  Electabuzz     0.6667    0.4000    0.5000         5
  Electivire     0.7500    1.0000    0.8571         3
   Electrike     1.0000    0.6667    0.8000         3
   Electrode     0.1111    0.2000    0.1429         5
      Elekid     0.7500    0.7500    0.7500         4
      Elgyem     0.6000    1.0000    0.7500         3
      Emboar     0.0000    0.0000    0.0000         3
      Emolga     1.0000    0.6667    0.8000         3
    Empoleon     1.0000    1.0000    1.0000         3
       Entei     0.0000    0.0000    0.0000         4
  Escavalier     1.0000    0.3333    0.5000         3
      Espeon     1.0000    0.5000    0.6667         4
      Espurr     0.7500    1.0000    0.8571         3
   Eternatus     1.0000    1.0000    1.0000         2
   Excadrill     0.7500    1.0000    0.8571         3
   Exeggcute     0.7143    1.0000    0.8333         5
   Exeggutor     1.0000    0.7500    0.8571         4
     Exploud     0.0000    0.0000    0.0000         3
     Falinks     0.0000    0.0000    0.0000         2
  Farfetch'd     1.0000    0.2000    0.3333         5
      Fearow     1.0000    0.2500    0.4000         4
      Feebas     1.0000    0.3333    0.5000         3
    Fennekin     1.0000    1.0000    1.0000         3
  Feraligatr     1.0000    0.7500    0.8571         4
   Ferroseed     1.0000    1.0000    1.0000         3
  Ferrothorn     1.0000    1.0000    1.0000         3
     Finneon     1.0000    0.3333    0.5000         3
     Flaaffy     1.0000    0.5000    0.6667         4
     Flabebe     1.0000    1.0000    1.0000         4
     Flapple     0.6667    0.6667    0.6667         3
     Flareon     0.6000    0.6000    0.6000         5
 Fletchinder     1.0000    0.3333    0.5000         3
  Fletchling     0.6667    0.6667    0.6667         3
    Floatzel     1.0000    0.6667    0.8000         3
     Floette     1.0000    0.6667    0.8000         3
     Florges     0.6000    1.0000    0.7500         3
      Flygon     1.0000    0.6667    0.8000         3
    Fomantis     1.0000    1.0000    1.0000         3
     Foongus     0.6667    0.6667    0.6667         3
  Forretress     1.0000    0.5000    0.6667         4
     Fraxure     1.0000    0.3333    0.5000         3
    Frillish     0.7143    1.0000    0.8333         5
     Froakie     1.0000    0.6667    0.8000         3
   Frogadier     1.0000    1.0000    1.0000         3
    Froslass     0.4000    0.6667    0.5000         3
    Frosmoth     1.0000    1.0000    1.0000         2
     Furfrou     0.5455    0.8571    0.6667         7
      Furret     1.0000    0.7500    0.8571         4
      Gabite     0.6667    0.6667    0.6667         3
     Gallade     0.6667    0.8000    0.7273         5
  Galvantula     1.0000    1.0000    1.0000         3
    Garbodor     0.5000    0.7500    0.6000         4
    Garchomp     0.5000    1.0000    0.6667         5
   Gardevoir     1.0000    0.8000    0.8889         5
      Gastly     0.3000    0.7500    0.4286         4
   Gastrodon     1.0000    0.4000    0.5714         5
    Genesect     1.0000    0.6667    0.8000         3
      Gengar     1.0000    0.1429    0.2500         7
     Geodude     1.0000    0.8571    0.9231         7
       Gible     0.0000    0.0000    0.0000         3
    Gigalith     0.6000    1.0000    0.7500         3
   Girafarig     1.0000    0.7500    0.8571         4
    Giratina     0.5714    0.8000    0.6667         5
     Glaceon     1.0000    1.0000    1.0000         3
      Glalie     0.4167    1.0000    0.5882         5
     Glameow     1.0000    1.0000    1.0000         2
   Glastrier     0.0000    0.0000    0.0000         1
      Gligar     1.0000    0.7500    0.8571         4
     Gliscor     1.0000    0.3333    0.5000         3
       Gloom     0.5714    0.8000    0.6667         5
      Gogoat     1.0000    1.0000    1.0000         3
      Golbat     1.0000    1.0000    1.0000         4
     Goldeen     0.0000    0.0000    0.0000         4
     Golduck     0.5000    0.8000    0.6154         5
       Golem     0.5714    0.5714    0.5714         7
      Golett     0.6667    0.6667    0.6667         3
   Golisopod     1.0000    1.0000    1.0000         3
      Golurk     0.7500    1.0000    0.8571         3
      Goodra     0.7500    1.0000    0.8571         3
       Goomy     1.0000    0.6667    0.8000         3
    Gorebyss     1.0000    1.0000    1.0000         3
  Gossifleur     1.0000    0.5000    0.6667         2
     Gothita     1.0000    1.0000    1.0000         3
  Gothitelle     0.7500    1.0000    0.8571         3
   Gothorita     1.0000    1.0000    1.0000         3
   Gourgeist     0.8000    0.8000    0.8000         5
    Granbull     1.0000    1.0000    1.0000         4
   Grapploct     1.0000    1.0000    1.0000         2
    Graveler     0.4286    0.8571    0.5714         7
    Greedent     0.0000    0.0000    0.0000         2
    Greninja     0.6000    0.6000    0.6000         5
      Grimer     0.3636    0.5714    0.4444         7
  Grimmsnarl     1.0000    0.3333    0.5000         3
     Grookey     0.0000    0.0000    0.0000         3
      Grotle     0.7500    1.0000    0.8571         3
     Groudon     0.6667    0.6667    0.6667         6
     Grovyle     0.5000    0.3333    0.4000         3
   Growlithe     0.7500    0.6000    0.6667         5
     Grubbin     1.0000    0.6667    0.8000         3
     Grumpig     1.0000    0.6667    0.8000         3
      Gulpin     1.0000    1.0000    1.0000         3
    Gumshoos     1.0000    1.0000    1.0000         3
     Gurdurr     1.0000    0.6667    0.8000         3
    Guzzlord     0.7500    1.0000    0.8571         3
    Gyarados     0.5556    0.8333    0.6667         6
    Hakamo-o     0.6667    0.6667    0.6667         3
     Happiny     1.0000    0.3333    0.5000         3
    Hariyama     1.0000    0.6667    0.8000         3
     Hatenna     1.0000    1.0000    1.0000         2
   Hatterene     1.0000    0.6667    0.8000         3
     Hattrem     1.0000    1.0000    1.0000         2
     Haunter     1.0000    0.6667    0.8000         3
    Hawlucha     0.7500    1.0000    0.8571         3
     Haxorus     1.0000    1.0000    1.0000         3
     Heatmor     0.7500    1.0000    0.8571         3
     Heatran     1.0000    1.0000    1.0000         4
   Heliolisk     1.0000    1.0000    1.0000         3
  Helioptile     1.0000    1.0000    1.0000         2
   Heracross     0.6667    0.5000    0.5714         4
     Herdier     1.0000    1.0000    1.0000         3
  Hippopotas     1.0000    0.6667    0.8000         3
   Hippowdon     1.0000    0.6667    0.8000         3
  Hitmonchan     0.6667    0.4000    0.5000         5
   Hitmonlee     0.5000    0.6000    0.5455         5
   Hitmontop     0.8000    1.0000    0.8889         4
       Ho-oh     0.7143    1.0000    0.8333         5
   Honchkrow     1.0000    0.6667    0.8000         3
     Honedge     1.0000    1.0000    1.0000         1
       Hoopa     0.0000    0.0000    0.0000         2
    Hoothoot     0.8000    1.0000    0.8889         4
      Hoppip     1.0000    1.0000    1.0000         4
      Horsea     0.7143    1.0000    0.8333         5
    Houndoom     0.6667    0.6667    0.6667         6
    Houndour     1.0000    0.5000    0.6667         2
     Huntail     0.0000    0.0000    0.0000         2
   Hydreigon     1.0000    1.0000    1.0000         3
       Hypno     0.0000    0.0000    0.0000         5
   Igglybuff     1.0000    0.7500    0.8571         4
    Illumise     1.0000    0.3333    0.5000         3
    Impidimp     1.0000    1.0000    1.0000         2
  Incineroar     0.6667    0.6667    0.6667         3
    Indeedee     1.0000    1.0000    1.0000         2
   Infernape     1.0000    1.0000    1.0000         3
       Inkay     1.0000    1.0000    1.0000         3
    Inteleon     0.5000    1.0000    0.6667         1
     Ivysaur     0.6000    0.6000    0.6000         5
    Jangmo-o     1.0000    0.6667    0.8000         3
   Jellicent     1.0000    1.0000    1.0000         5
  Jigglypuff     0.6667    0.4000    0.5000         5
     Jirachi     0.6000    1.0000    0.7500         3
     Jolteon     0.5000    0.8000    0.6154         5
      Joltik     0.7500    1.0000    0.8571         3
    Jumpluff     1.0000    0.6667    0.8000         3
        Jynx     0.6667    1.0000    0.8000         2
      Kabuto     0.2778    1.0000    0.4348         5
    Kabutops     1.0000    1.0000    1.0000         5
     Kadabra     0.6000    0.6000    0.6000         5
      Kakuna     0.8333    1.0000    0.9091         5
  Kangaskhan     0.5714    0.6667    0.6154         6
  Karrablast     0.6667    0.6667    0.6667         3
     Kartana     1.0000    0.6667    0.8000         3
     Kecleon     0.5000    0.3333    0.4000         3
      Keldeo     1.0000    0.5000    0.6667         4
     Kingdra     1.0000    1.0000    1.0000         4
     Kingler     1.0000    0.5000    0.6667         2
      Kirlia     1.0000    1.0000    1.0000         3
       Klang     1.0000    0.3333    0.5000         3
      Klefki     1.0000    1.0000    1.0000         3
       Klink     0.0000    0.0000    0.0000         3
   Klinklang     0.0000    0.0000    0.0000         2
     Koffing     0.6667    0.5000    0.5714         4
      Komala     0.0000    0.0000    0.0000         3
     Kommo-o     1.0000    1.0000    1.0000         3
      Krabby     0.6000    0.6000    0.6000         5
   Kricketot     1.0000    1.0000    1.0000         3
  Kricketune     1.0000    1.0000    1.0000         3
    Krokorok     0.0000    0.0000    0.0000         3
  Krookodile     0.0000    0.0000    0.0000         2
       Kubfu     1.0000    1.0000    1.0000         2
      Kyogre     1.0000    0.8333    0.9091         6
      Kyurem     0.7500    0.6000    0.6667         5
      Lairon     1.0000    0.3333    0.5000         3
     Lampent     1.0000    1.0000    1.0000         3
    Landorus     0.5000    0.7500    0.6000         4
     Lanturn     0.8000    1.0000    0.8889         4
      Lapras     0.4545    1.0000    0.6250         5
    Larvesta     1.0000    1.0000    1.0000         3
    Larvitar     0.4000    0.5000    0.4444         4
      Latias     0.6667    0.6667    0.6667         6
      Latios     0.8333    0.8333    0.8333         6
     Leafeon     0.7500    1.0000    0.8571         3
    Leavanny     1.0000    1.0000    1.0000         3
      Ledian     1.0000    0.7500    0.8571         4
      Ledyba     0.6667    1.0000    0.8000         4
  Lickilicky     0.0000    0.0000    0.0000         3
   Lickitung     0.8000    0.8000    0.8000         5
     Liepard     1.0000    0.6667    0.8000         3
      Lileep     0.7500    1.0000    0.8571         3
   Lilligant     1.0000    1.0000    1.0000         3
    Lillipup     1.0000    1.0000    1.0000         3
     Linoone     1.0000    0.7500    0.8571         4
      Litleo     0.3750    1.0000    0.5455         3
      Litten     0.0000    0.0000    0.0000         4
     Litwick     1.0000    0.6667    0.8000         3
      Lombre     1.0000    1.0000    1.0000         3
     Lopunny     1.0000    0.7500    0.8571         4
       Lotad     0.0000    0.0000    0.0000         3
     Loudred     1.0000    1.0000    1.0000         3
     Lucario     1.0000    0.7500    0.8571         4
    Ludicolo     0.6667    0.6667    0.6667         3
       Lugia     0.6667    0.5000    0.5714         4
    Lumineon     0.6000    1.0000    0.7500         3
      Lunala     0.8000    1.0000    0.8889         4
    Lunatone     0.5000    0.3333    0.4000         3
    Lurantis     1.0000    1.0000    1.0000         3
     Luvdisc     0.5000    0.6667    0.5714         3
       Luxio     1.0000    1.0000    1.0000         3
      Luxray     1.0000    1.0000    1.0000         3
    Lycanroc     0.0000    0.0000    0.0000         6
     Machamp     0.6667    1.0000    0.8000         6
     Machoke     0.5000    0.4000    0.4444         5
      Machop     0.5000    0.6000    0.5455         5
       Magby     0.8000    1.0000    0.8889         4
    Magcargo     1.0000    0.5000    0.6667         4
    Magearna     1.0000    1.0000    1.0000         3
    Magikarp     0.6667    0.8000    0.7273         5
      Magmar     0.5556    1.0000    0.7143         5
   Magmortar     1.0000    0.3333    0.5000         3
   Magnemite     1.0000    0.8000    0.8889         5
    Magneton     1.0000    1.0000    1.0000         4
   Magnezone     1.0000    1.0000    1.0000         3
    Makuhita     1.0000    0.6667    0.8000         3
     Malamar     1.0000    1.0000    1.0000         3
   Mamoswine     0.6667    0.6667    0.6667         3
     Manaphy     0.6667    0.6667    0.6667         3
   Mandibuzz     0.0000    0.0000    0.0000         3
   Manectric     0.4444    0.8000    0.5714         5
      Mankey     0.5000    1.0000    0.6667         5
     Mantine     1.0000    1.0000    1.0000         4
     Mantyke     1.0000    1.0000    1.0000         3
    Maractus     1.0000    0.6667    0.8000         3
    Mareanie     1.0000    1.0000    1.0000         3
      Mareep     0.7500    0.7500    0.7500         4
      Marill     0.6667    1.0000    0.8000         4
     Marowak     0.4000    0.2857    0.3333         7
   Marshadow     0.6667    1.0000    0.8000         4
   Marshtomp     1.0000    0.6667    0.8000         3
  Masquerain     0.6000    1.0000    0.7500         3
      Mawile     0.5714    0.8000    0.6667         5
    Medicham     1.0000    1.0000    1.0000         5
    Meditite     1.0000    1.0000    1.0000         3
    Meganium     1.0000    1.0000    1.0000         4
    Melmetal     1.0000    1.0000    1.0000         2
    Meloetta     1.0000    1.0000    1.0000         3
      Meltan     1.0000    1.0000    1.0000         1
    Meowstic     1.0000    0.7500    0.8571         4
      Meowth     0.7143    1.0000    0.8333         5
     Mesprit     1.0000    1.0000    1.0000         2
   Metagross     0.8571    0.8571    0.8571         7
      Metang     1.0000    1.0000    1.0000         3
     Metapod     1.0000    0.8000    0.8889         5
         Mew     0.8000    0.8000    0.8000         5
      Mewtwo     0.7000    1.0000    0.8235         7
     Mienfoo     1.0000    0.3333    0.5000         3
    Mienshao     1.0000    1.0000    1.0000         3
   Mightyena     1.0000    0.6667    0.8000         3
     Milcery     0.5000    1.0000    0.6667         2
     Milotic     1.0000    1.0000    1.0000         2
     Miltank     0.6000    0.7500    0.6667         4
     Mime Jr     1.0000    1.0000    1.0000         2
     Mimikyu     1.0000    0.7500    0.8571         4
    Minccino     0.6000    1.0000    0.7500         3
      Minior     1.0000    0.4000    0.5714         5
       Minun     1.0000    0.6667    0.8000         3
  Misdreavus     1.0000    0.2500    0.4000         4
   Mismagius     0.6667    0.6667    0.6667         3
     Moltres     0.6667    0.6667    0.6667         6
    Monferno     0.7500    1.0000    0.8571         3
    Morelull     1.0000    1.0000    1.0000         3
     Morgrem     1.0000    1.0000    1.0000         2
     Morpeko     0.6667    1.0000    0.8000         2
      Mothim     1.0000    0.6667    0.8000         3
    Mr. Mime     1.0000    0.4000    0.5714         5
    Mr. Rime     0.0000    0.0000    0.0000         1
     Mudbray     1.0000    0.6667    0.8000         3
      Mudkip     1.0000    0.6000    0.7500         5
    Mudsdale     1.0000    1.0000    1.0000         3
         Muk     0.6250    0.7143    0.6667         7
    Munchlax     1.0000    1.0000    1.0000         3
       Munna     0.0000    0.0000    0.0000         3
     Murkrow     0.8000    1.0000    0.8889         4
    Musharna     0.7500    1.0000    0.8571         3
   Naganadel     1.0000    0.6667    0.8000         3
        Natu     0.6667    0.5000    0.5714         4
    Necrozma     1.0000    1.0000    1.0000         3
      Nickit     1.0000    1.0000    1.0000         2
    Nidoking     0.4286    0.6000    0.5000         5
   Nidoqueen     0.5000    0.4000    0.4444         5
   Nidoran-f     0.6000    0.6000    0.6000         5
   Nidoran-m     0.4545    1.0000    0.6250         5
    Nidorina     0.5000    0.4000    0.4444         5
    Nidorino     0.2857    0.8000    0.4211         5
    Nihilego     0.0000    0.0000    0.0000         2
     Nincada     1.0000    1.0000    1.0000         3
   Ninetales     0.1538    0.5714    0.2424         7
     Ninjask     0.7500    1.0000    0.8571         3
     Noctowl     0.3333    0.2500    0.2857         4
      Noibat     0.6667    0.6667    0.6667         3
     Noivern     0.6000    1.0000    0.7500         3
    Nosepass     1.0000    0.3333    0.5000         3
       Numel     0.6667    0.6667    0.6667         3
     Nuzleaf     1.0000    1.0000    1.0000         3
   Obstagoon     1.0000    1.0000    1.0000         3
   Octillery     0.8000    1.0000    0.8889         4
      Oddish     1.0000    0.8000    0.8889         5
     Omanyte     0.5556    1.0000    0.7143         5
     Omastar     1.0000    1.0000    1.0000         5
        Onix     1.0000    0.7500    0.8571         4
    Oranguru     1.0000    0.6667    0.8000         3
    Orbeetle     1.0000    1.0000    1.0000         2
    Oricorio     1.0000    0.5000    0.6667         6
    Oshawott     0.7500    0.7500    0.7500         4
   Pachirisu     1.0000    0.6667    0.8000         3
      Palkia     0.7500    0.6000    0.6667         5
   Palossand     0.3750    1.0000    0.5455         3
   Palpitoad     1.0000    0.3333    0.5000         3
     Pancham     1.0000    0.3333    0.5000         3
     Pangoro     0.5000    0.6667    0.5714         3
     Panpour     0.0000    0.0000    0.0000         2
     Pansage     0.0000    0.0000    0.0000         2
     Pansear     0.5000    0.6667    0.5714         3
       Paras     0.6667    1.0000    0.8000         4
    Parasect     0.8000    0.8000    0.8000         5
   Passimian     1.0000    0.6667    0.8000         3
      Patrat     1.0000    0.3333    0.5000         3
    Pawniard     1.0000    0.6667    0.8000         3
    Pelipper     1.0000    0.6667    0.8000         3
  Perrserker     1.0000    1.0000    1.0000         2
     Persian     0.2941    0.7143    0.4167         7
     Petilil     1.0000    1.0000    1.0000         3
      Phanpy     0.0000    0.0000    0.0000         4
    Phantump     1.0000    1.0000    1.0000         3
   Pheromosa     1.0000    1.0000    1.0000         1
      Phione     1.0000    0.6667    0.8000         3
       Pichu     0.8000    1.0000    0.8889         4
     Pidgeot     0.3333    0.2857    0.3077         7
   Pidgeotto     0.7143    1.0000    0.8333         5
      Pidgey     0.8000    1.0000    0.8889         4
      Pidove     1.0000    0.6667    0.8000         3
     Pignite     1.0000    0.6667    0.8000         3
     Pikachu     0.6667    0.6667    0.6667         3
     Pikipek     0.7500    1.0000    0.8571         3
   Piloswine     0.8000    1.0000    0.8889         4
  Pincurchin     0.6667    1.0000    0.8000         2
      Pineco     1.0000    1.0000    1.0000         4
      Pinsir     0.8571    1.0000    0.9231         6
      Piplup     1.0000    1.0000    1.0000         4
      Plusle     0.7500    1.0000    0.8571         3
     Poipole     1.0000    1.0000    1.0000         4
    Politoed     0.4000    0.5000    0.4444         4
     Poliwag     0.8333    1.0000    0.9091         5
   Poliwhirl     0.5000    0.8000    0.6154         5
   Poliwrath     1.0000    0.5000    0.6667         4
 Polteageist     1.0000    1.0000    1.0000         2
      Ponyta     0.5714    0.6667    0.6154         6
   Poochyena     0.7500    1.0000    0.8571         3
     Popplio     0.7500    0.6000    0.6667         5
     Porygon     0.5000    0.6000    0.5455         5
   Porygon-Z     0.0000    0.0000    0.0000         2
    Porygon2     1.0000    0.5000    0.6667         4
   Primarina     1.0000    0.6667    0.8000         3
    Primeape     0.5000    1.0000    0.6667         5
    Prinplup     1.0000    1.0000    1.0000         3
   Probopass     1.0000    0.3333    0.5000         3
     Psyduck     0.4545    1.0000    0.6250         5
   Pumpkaboo     0.8333    1.0000    0.9091         5
     Pupitar     1.0000    0.5000    0.6667         4
    Purrloin     0.7500    1.0000    0.8571         3
     Purugly     1.0000    0.6667    0.8000         3
      Pyroar     0.6000    0.7500    0.6667         4
   Pyukumuku     0.7500    1.0000    0.8571         3
    Quagsire     1.0000    0.7500    0.8571         4
     Quilava     1.0000    0.2500    0.4000         4
   Quilladin     1.0000    0.6667    0.8000         3
    Qwilfish     1.0000    0.5000    0.6667         4
      Raboot     1.0000    1.0000    1.0000         2
      Raichu     0.0000    0.0000    0.0000         7
      Raikou     0.4545    1.0000    0.6250         5
       Ralts     1.0000    1.0000    1.0000         3
   Rampardos     0.5000    0.6667    0.5714         3
    Rapidash     0.2941    0.8333    0.4348         6
    Raticate     0.4615    0.8571    0.6000         7
     Rattata     0.6000    0.8571    0.7059         7
    Rayquaza     0.4444    1.0000    0.6154         4
      Regice     1.0000    0.6667    0.8000         3
   Regidrago     1.0000    1.0000    1.0000         2
   Regieleki     1.0000    1.0000    1.0000         2
   Regigigas     1.0000    1.0000    1.0000         4
    Regirock     0.7500    1.0000    0.8571         3
   Registeel     0.7500    1.0000    0.8571         3
   Relicanth     1.0000    0.6667    0.8000         3
    Remoraid     0.0000    0.0000    0.0000         4
    Reshiram     1.0000    0.8000    0.8889         5
   Reuniclus     0.7500    1.0000    0.8571         3
      Rhydon     0.5000    0.4000    0.4444         5
     Rhyhorn     0.5000    0.2500    0.3333         4
   Rhyperior     0.6667    0.6667    0.6667         3
    Ribombee     0.4000    0.6667    0.5000         3
   Rillaboom     0.0000    0.0000    0.0000         2
       Riolu     1.0000    1.0000    1.0000         3
    Rockruff     0.5000    0.8000    0.6154         5
  Roggenrola     1.0000    0.6667    0.8000         3
    Rolycoly     0.0000    0.0000    0.0000         3
    Rookidee     0.0000    0.0000    0.0000         2
     Roselia     1.0000    1.0000    1.0000         3
    Roserade     1.0000    0.3333    0.5000         3
       Rotom     0.5714    0.6667    0.6154         6
      Rowlet     1.0000    0.2500    0.4000         4
     Rufflet     1.0000    1.0000    1.0000         3
   Runerigus     1.0000    0.5000    0.6667         2
     Sableye     1.0000    0.4000    0.5714         5
   Salamence     1.0000    0.6000    0.7500         5
    Salandit     1.0000    0.6667    0.8000         3
    Salazzle     1.0000    1.0000    1.0000         3
    Samurott     0.6667    0.6667    0.6667         3
  Sandaconda     0.0000    0.0000    0.0000         2
     Sandile     1.0000    0.3333    0.5000         3
   Sandshrew     0.4667    1.0000    0.6364         7
   Sandslash     1.0000    0.5000    0.6667         4
   Sandygast     1.0000    1.0000    1.0000         3
        Sawk     0.5000    1.0000    0.6667         3
    Sawsbuck     0.5556    0.7143    0.6250         7
  Scatterbug     1.0000    1.0000    1.0000         3
    Sceptile     0.7500    0.7500    0.7500         4
      Scizor     0.8571    1.0000    0.9231         6
   Scolipede     1.0000    1.0000    1.0000         3
   Scorbunny     0.6667    0.6667    0.6667         3
     Scrafty     1.0000    0.6667    0.8000         3
     Scraggy     1.0000    0.6667    0.8000         3
     Scyther     0.7500    0.7500    0.7500         4
      Seadra     0.6250    1.0000    0.7692         5
     Seaking     0.7500    0.6000    0.6667         5
      Sealeo     0.0000    0.0000    0.0000         3
      Seedot     1.0000    0.6667    0.8000         3
        Seel     0.3333    0.2000    0.2500         5
  Seismitoad     1.0000    0.6667    0.8000         3
     Sentret     1.0000    1.0000    1.0000         4
   Serperior     0.7500    1.0000    0.8571         3
     Servine     1.0000    0.6667    0.8000         3
     Seviper     0.6000    1.0000    0.7500         3
    Sewaddle     0.0000    0.0000    0.0000         3
    Sharpedo     1.0000    1.0000    1.0000         5
     Shaymin     0.5000    0.2500    0.3333         4
    Shedinja     0.7500    1.0000    0.8571         3
     Shelgon     0.0000    0.0000    0.0000         3
    Shellder     0.7500    0.6000    0.6667         5
     Shellos     1.0000    0.8000    0.8889         5
     Shelmet     0.0000    0.0000    0.0000         3
    Shieldon     0.0000    0.0000    0.0000         3
     Shiftry     1.0000    0.3333    0.5000         3
   Shiinotic     1.0000    1.0000    1.0000         3
       Shinx     0.7500    1.0000    0.8571         3
   Shroomish     1.0000    0.3333    0.5000         3
     Shuckle     0.8000    1.0000    0.8889         4
     Shuppet     0.0000    0.0000    0.0000         3
    Sigilyph     1.0000    1.0000    1.0000         3
     Silcoon     1.0000    0.3333    0.5000         3
   Silicobra     0.0000    0.0000    0.0000         2
    Silvally     0.8571    1.0000    0.9231         6
    Simipour     1.0000    1.0000    1.0000         3
    Simisage     0.6667    0.6667    0.6667         3
    Simisear     1.0000    0.6667    0.8000         3
    Sinistea     1.0000    1.0000    1.0000         1
  Sirfetch'd     1.0000    1.0000    1.0000         2
  Sizzlipede     1.0000    1.0000    1.0000         2
    Skarmory     0.5714    1.0000    0.7273         4
      Skiddo     1.0000    1.0000    1.0000         3
    Skiploom     1.0000    0.2500    0.4000         4
      Skitty     1.0000    1.0000    1.0000         3
     Skorupi     1.0000    1.0000    1.0000         3
      Skrelp     1.0000    0.6667    0.8000         3
    Skuntank     0.7500    1.0000    0.8571         3
     Skwovet     0.0000    0.0000    0.0000         2
     Slaking     1.0000    0.6667    0.8000         3
     Slakoth     1.0000    1.0000    1.0000         3
     Sliggoo     1.0000    1.0000    1.0000         3
     Slowbro     0.0000    0.0000    0.0000         6
    Slowking     0.8000    1.0000    0.8889         4
    Slowpoke     0.5556    0.8333    0.6667         6
      Slugma     1.0000    1.0000    1.0000         4
    Slurpuff     1.0000    0.6667    0.8000         3
    Smeargle     0.6667    1.0000    0.8000         4
    Smoochum     0.5000    0.7500    0.6000         4
     Sneasel     0.8000    1.0000    0.8889         4
       Snivy     1.0000    0.3333    0.5000         3
        Snom     0.0000    0.0000    0.0000         2
     Snorlax     0.4286    0.6000    0.5000         5
     Snorunt     0.5000    0.6667    0.5714         3
      Snover     1.0000    0.6667    0.8000         3
    Snubbull     1.0000    0.7500    0.8571         4
      Sobble     0.6667    1.0000    0.8000         2
    Solgaleo     1.0000    1.0000    1.0000         3
     Solosis     0.1111    0.3333    0.1667         3
     Solrock     1.0000    1.0000    1.0000         3
     Spearow     0.7143    1.0000    0.8333         5
   Spectrier     1.0000    1.0000    1.0000         2
      Spewpa     1.0000    0.6667    0.8000         3
      Spheal     0.0000    0.0000    0.0000         3
    Spinarak     1.0000    1.0000    1.0000         4
      Spinda     1.0000    0.3333    0.5000         3
   Spiritomb     0.4000    0.6667    0.5000         3
      Spoink     1.0000    1.0000    1.0000         3
    Spritzee     0.0000    0.0000    0.0000         3
    Squirtle     0.7500    0.7500    0.7500         4
   Stakataka     0.7500    1.0000    0.8571         3
    Stantler     1.0000    1.0000    1.0000         4
   Staraptor     1.0000    0.6667    0.8000         3
    Staravia     1.0000    1.0000    1.0000         3
      Starly     1.0000    0.3333    0.5000         3
     Starmie     1.0000    0.8000    0.8889         5
      Staryu     1.0000    1.0000    1.0000         5
     Steelix     0.7500    0.6000    0.6667         5
     Steenee     1.0000    1.0000    1.0000         3
 Stonjourner     1.0000    1.0000    1.0000         2
   Stoutland     0.7500    1.0000    0.8571         3
     Stufful     1.0000    0.2500    0.4000         4
    Stunfisk     0.2000    0.2500    0.2222         4
      Stunky     1.0000    1.0000    1.0000         3
   Sudowoodo     1.0000    1.0000    1.0000         4
     Suicune     0.5000    1.0000    0.6667         3
    Sunflora     1.0000    0.7500    0.8571         4
     Sunkern     0.8000    1.0000    0.8889         4
     Surskit     1.0000    1.0000    1.0000         3
      Swablu     1.0000    0.5000    0.6667         2
    Swadloon     0.7500    1.0000    0.8571         3
      Swalot     0.0000    0.0000    0.0000         3
    Swampert     0.2308    0.6000    0.3333         5
      Swanna     1.0000    0.6667    0.8000         3
     Swellow     1.0000    0.6667    0.8000         3
      Swinub     0.3750    0.7500    0.5000         4
     Swirlix     1.0000    0.7500    0.8571         4
     Swoobat     1.0000    1.0000    1.0000         3
     Sylveon     1.0000    0.3333    0.5000         3
     Taillow     1.0000    0.6667    0.8000         3
  Talonflame     1.0000    0.6667    0.8000         3
     Tangela     1.0000    0.2500    0.4000         4
   Tangrowth     1.0000    0.6667    0.8000         3
   Tapu Bulu     0.0000    0.0000    0.0000         2
   Tapu Fini     1.0000    0.5000    0.6667         2
   Tapu Koko     0.0000    0.0000    0.0000         2
   Tapu Lele     0.0000    0.0000    0.0000         2
      Tauros     0.3750    0.6000    0.4615         5
   Teddiursa     0.6667    1.0000    0.8000         4
   Tentacool     0.8333    1.0000    0.9091         5
  Tentacruel     1.0000    1.0000    1.0000         4
       Tepig     0.4286    0.7500    0.5455         4
   Terrakion     0.5000    1.0000    0.6667         3
     Thievul     1.0000    0.5000    0.6667         2
       Throh     0.6667    0.6667    0.6667         3
   Thundurus     0.3333    0.2000    0.2500         5
    Thwackey     1.0000    1.0000    1.0000         2
     Timburr     1.0000    1.0000    1.0000         3
    Tirtouga     1.0000    1.0000    1.0000         3
  Togedemaru     1.0000    1.0000    1.0000         3
    Togekiss     1.0000    0.6667    0.8000         3
      Togepi     0.0000    0.0000    0.0000         4
     Togetic     0.8000    1.0000    0.8889         4
     Torchic     1.0000    1.0000    1.0000         5
     Torkoal     0.4000    0.6667    0.5000         3
    Tornadus     0.6667    0.4000    0.5000         5
    Torracat     1.0000    0.7500    0.8571         4
    Torterra     1.0000    0.3333    0.5000         3
    Totodile     0.5000    0.7500    0.6000         4
   Toucannon     1.0000    0.6667    0.8000         3
     Toxapex     0.0000    0.0000    0.0000         3
       Toxel     0.0000    0.0000    0.0000         2
   Toxicroak     1.0000    1.0000    1.0000         3
  Toxtricity     1.0000    1.0000    1.0000         2
   Tranquill     1.0000    1.0000    1.0000         3
    Trapinch     1.0000    0.6667    0.8000         3
     Treecko     1.0000    0.6000    0.7500         5
   Trevenant     1.0000    0.6667    0.8000         3
     Tropius     1.0000    0.6667    0.8000         3
    Trubbish     1.0000    0.3333    0.5000         3
    Trumbeak     1.0000    1.0000    1.0000         3
    Tsareena     0.7500    1.0000    0.8571         3
  Turtonator     1.0000    0.3333    0.5000         3
     Turtwig     1.0000    0.7500    0.8571         4
     Tympole     0.5000    0.3333    0.4000         3
      Tynamo     1.0000    0.3333    0.5000         3
   Type Null     0.5000    0.5000    0.5000         2
  Typhlosion     0.4444    1.0000    0.6154         4
   Tyranitar     0.7500    0.5000    0.6000         6
   Tyrantrum     1.0000    0.6667    0.8000         3
     Tyrogue     0.6667    0.5000    0.5714         4
      Tyrunt     0.5000    0.6667    0.5714         3
     Umbreon     1.0000    1.0000    1.0000         4
    Unfezant     0.6667    1.0000    0.8000         4
       Unown     0.5556    0.7143    0.6250         7
    Ursaring     0.6667    0.5000    0.5714         4
     Urshifu     0.5714    1.0000    0.7273         4
        Uxie     0.6000    1.0000    0.7500         3
   Vanillish     1.0000    0.6667    0.8000         3
   Vanillite     0.0000    0.0000    0.0000         3
   Vanilluxe     0.6000    1.0000    0.7500         3
    Vaporeon     0.5000    0.7500    0.6000         4
    Venipede     0.7500    1.0000    0.8571         3
    Venomoth     0.4167    1.0000    0.5882         5
     Venonat     1.0000    1.0000    1.0000         5
    Venusaur     0.5000    0.7778    0.6087         9
   Vespiquen     0.4000    0.6667    0.5000         3
     Vibrava     1.0000    0.3333    0.5000         3
     Victini     1.0000    0.3333    0.5000         3
  Victreebel     1.0000    0.7500    0.8571         4
    Vigoroth     0.3333    0.3333    0.3333         3
    Vikavolt     1.0000    0.6667    0.8000         3
   Vileplume     1.0000    0.8000    0.8889         5
    Virizion     1.0000    1.0000    1.0000         3
    Vivillon     0.7778    1.0000    0.8750         7
     Volbeat     1.0000    0.6667    0.8000         3
   Volcanion     0.7500    1.0000    0.8571         3
   Volcarona     1.0000    1.0000    1.0000         3
     Voltorb     0.1667    0.2000    0.1818         5
     Vullaby     1.0000    1.0000    1.0000         3
      Vulpix     1.0000    0.7500    0.8571         4
     Wailmer     1.0000    1.0000    1.0000         3
     Wailord     0.0000    0.0000    0.0000         3
     Walrein     0.6667    0.6667    0.6667         3
   Wartortle     0.8000    0.8000    0.8000         5
     Watchog     1.0000    1.0000    1.0000         3
     Weavile     1.0000    1.0000    1.0000         3
      Weedle     0.7143    1.0000    0.8333         5
  Weepinbell     0.4444    0.8000    0.5714         5
     Weezing     0.0000    0.0000    0.0000         4
  Whimsicott     1.0000    0.3333    0.5000         3
  Whirlipede     0.7500    1.0000    0.8571         3
    Whiscash     0.6000    1.0000    0.7500         3
     Whismur     1.0000    0.6667    0.8000         3
  Wigglytuff     0.7500    0.6000    0.6667         5
      Wimpod     1.0000    0.3333    0.5000         3
     Wingull     0.7500    1.0000    0.8571         3
  Wishiwashi     1.0000    0.2500    0.4000         4
   Wobbuffet     0.7500    0.7500    0.7500         4
      Woobat     0.7500    1.0000    0.8571         3
      Wooloo     1.0000    0.3333    0.5000         3
      Wooper     1.0000    1.0000    1.0000         4
    Wormadam     1.0000    1.0000    1.0000         6
     Wurmple     0.7500    1.0000    0.8571         3
      Wynaut     0.7500    1.0000    0.8571         3
        Xatu     1.0000    1.0000    1.0000         4
     Xerneas     1.0000    1.0000    1.0000         5
   Xurkitree     1.0000    1.0000    1.0000         3
      Yamask     1.0000    1.0000    1.0000         4
      Yamper     1.0000    0.3333    0.5000         3
       Yanma     0.8000    1.0000    0.8889         4
     Yanmega     0.7500    1.0000    0.8571         3
     Yungoos     1.0000    1.0000    1.0000         3
     Yveltal     0.8571    1.0000    0.9231         6
      Zacian     1.0000    0.7500    0.8571         4
   Zamazenta     0.7500    0.7500    0.7500         4
    Zangoose     0.7500    1.0000    0.8571         3
      Zapdos     0.8571    0.8571    0.8571         7
      Zarude     1.0000    1.0000    1.0000         1
   Zebstrika     1.0000    1.0000    1.0000         3
      Zekrom     1.0000    1.0000    1.0000         5
     Zeraora     1.0000    0.6667    0.8000         3
   Zigzagoon     1.0000    0.7500    0.8571         4
     Zoroark     1.0000    1.0000    1.0000         3
       Zorua     0.6000    1.0000    0.7500         3
       Zubat     1.0000    0.8000    0.8889         5
    Zweilous     1.0000    0.6667    0.8000         3
     Zygarde     0.6667    0.3333    0.4444         6

    accuracy                         0.7182      3197
   macro avg     0.7571    0.7135    0.7036      3197
weighted avg     0.7476    0.7182    0.6996      3197
