              precision    recall  f1-score   support

   Abomasnow     0.7143    1.0000    0.8333        10
        Abra     1.0000    1.0000    1.0000        10
       Absol     1.0000    1.0000    1.0000        10
    Accelgor     1.0000    1.0000    1.0000         6
   Aegislash     0.7273    1.0000    0.8421         8
  Aerodactyl     0.6667    0.8571    0.7500        14
      Aggron     0.7143    1.0000    0.8333        10
       Aipom     1.0000    0.8750    0.9333         8
    Alakazam     1.0000    1.0000    1.0000        14
    Alcremie     0.7500    1.0000    0.8571         6
   Alomomola     0.7500    1.0000    0.8571         6
     Altaria     0.6667    1.0000    0.8000        10
      Amaura     1.0000    1.0000    1.0000         6
     Ambipom     1.0000    1.0000    1.0000         6
   Amoonguss     0.7500    1.0000    0.8571         6
    Ampharos     1.0000    1.0000    1.0000        12
     Anorith     0.8571    1.0000    0.9231         6
    Appletun     0.3636    0.6667    0.4706         6
      Applin     1.0000    1.0000    1.0000         4
   Araquanid     1.0000    1.0000    1.0000         6
       Arbok     1.0000    1.0000    1.0000        10
    Arcanine     1.0000    1.0000    1.0000        10
      Arceus     1.0000    1.0000    1.0000         4
      Archen     1.0000    1.0000    1.0000         6
    Archeops     1.0000    0.8333    0.9091         6
   Arctovish     0.8000    1.0000    0.8889         4
   Arctozolt     1.0000    1.0000    1.0000         2
     Ariados     1.0000    1.0000    1.0000         4
     Armaldo     1.0000    1.0000    1.0000         6
  Aromatisse     1.0000    1.0000    1.0000         6
        Aron     1.0000    0.6667    0.8000         6
    Arrokuda     1.0000    1.0000    1.0000         4
    Articuno     0.7500    1.0000    0.8571        12
      Audino     1.0000    1.0000    1.0000         8
     Aurorus     1.0000    1.0000    1.0000         6
     Avalugg     0.8571    1.0000    0.9231         6
        Axew     0.7500    1.0000    0.8571         6
       Azelf     0.8571    1.0000    0.9231         6
   Azumarill     1.0000    1.0000    1.0000         8
     Azurill     1.0000    1.0000    1.0000         4
       Bagon     1.0000    1.0000    1.0000         6
      Baltoy     1.0000    1.0000    1.0000         6
     Banette     1.0000    1.0000    1.0000        10
  Barbaracle     0.8571    1.0000    0.9231         6
    Barboach     1.0000    1.0000    1.0000         6
 Barraskewda     1.0000    1.0000    1.0000         4
    Basculin     0.8000    1.0000    0.8889         8
   Bastiodon     0.8571    1.0000    0.9231         6
     Bayleef     1.0000    1.0000    1.0000         8
     Beartic     1.0000    1.0000    1.0000         6
   Beautifly     1.0000    1.0000    1.0000         6
    Beedrill     0.8333    1.0000    0.9091        10
    Beheeyem     1.0000    0.3333    0.5000         6
      Beldum     1.0000    0.8750    0.9333         8
   Bellossom     1.0000    1.0000    1.0000         8
  Bellsprout     0.8000    1.0000    0.8889         8
    Bergmite     1.0000    1.0000    1.0000         6
      Bewear     1.0000    1.0000    1.0000         6
     Bibarel     1.0000    1.0000    1.0000         6
      Bidoof     0.7500    1.0000    0.8571         6
     Binacle     0.7500    1.0000    0.8571         6
     Bisharp     1.0000    1.0000    1.0000         4
 Blacephalon     1.0000    1.0000    1.0000         2
   Blastoise     1.0000    0.8333    0.9091        12
    Blaziken     0.9091    1.0000    0.9524        10
     Blipbug     1.0000    1.0000    1.0000         4
     Blissey     1.0000    1.0000    1.0000         8
     Blitzle     0.8571    1.0000    0.9231         6
     Boldore     1.0000    1.0000    1.0000         6
     Boltund     1.0000    1.0000    1.0000         4
      Bonsly     1.0000    1.0000    1.0000         6
  Bouffalant     1.0000    1.0000    1.0000         6
   Bounsweet     1.0000    1.0000    1.0000         6
     Braixen     1.0000    1.0000    1.0000         6
    Braviary     1.0000    1.0000    1.0000         6
     Breloom     0.8571    1.0000    0.9231         6
     Brionne     1.0000    1.0000    1.0000         8
    Bronzong     1.0000    1.0000    1.0000         6
     Bronzor     0.0000    0.0000    0.0000         6
     Bruxish     1.0000    1.0000    1.0000         6
       Budew     1.0000    1.0000    1.0000         6
      Buizel     1.0000    1.0000    1.0000         6
   Bulbasaur     0.6000    0.7500    0.6667         8
     Buneary     1.0000    0.6667    0.8000         6
    Bunnelby     1.0000    1.0000    1.0000         6
       Burmy     1.0000    0.8571    0.9231        14
  Butterfree     1.0000    1.0000    1.0000         8
    Buzzwole     1.0000    1.0000    1.0000         6
      Cacnea     1.0000    1.0000    1.0000         6
    Cacturne     1.0000    1.0000    1.0000         6
     Calyrex     1.0000    1.0000    1.0000         8
    Camerupt     0.8182    0.9000    0.8571        10
     Carbink     1.0000    1.0000    1.0000         6
      Carkol     1.0000    1.0000    1.0000         4
   Carnivine     1.0000    1.0000    1.0000         6
  Carracosta     1.0000    1.0000    1.0000         4
    Carvanha     1.0000    1.0000    1.0000         6
     Cascoon     0.8571    1.0000    0.9231         6
    Castform     1.0000    0.5833    0.7368        12
    Caterpie     0.7000    0.7000    0.7000        10
      Celebi     1.0000    0.7500    0.8571         8
  Celesteela     0.5000    1.0000    0.6667         2
 Centiskorch     0.7500    1.0000    0.8571         6
  Chandelure     1.0000    1.0000    1.0000         4
     Chansey     1.0000    0.7500    0.8571         8
   Charizard     1.0000    0.8333    0.9091        12
   Charjabug     0.0000    0.0000    0.0000         6
  Charmander     0.8182    0.9000    0.8571        10
  Charmeleon     1.0000    0.7500    0.8571         8
      Chatot     0.8571    1.0000    0.9231         6
     Cherrim     1.0000    1.0000    1.0000        10
     Cherubi     1.0000    1.0000    1.0000         6
  Chesnaught     1.0000    1.0000    1.0000         6
     Chespin     1.0000    1.0000    1.0000         6
     Chewtle     1.0000    1.0000    1.0000         4
   Chikorita     1.0000    1.0000    1.0000         8
    Chimchar     1.0000    1.0000    1.0000         8
    Chimecho     1.0000    1.0000    1.0000         6
    Chinchou     1.0000    1.0000    1.0000         8
   Chingling     1.0000    1.0000    1.0000         6
    Cinccino     1.0000    1.0000    1.0000         6
   Cinderace     1.0000    1.0000    1.0000         2
    Clamperl     1.0000    0.3333    0.5000         6
   Clauncher     1.0000    1.0000    1.0000         6
   Clawitzer     1.0000    1.0000    1.0000         6
     Claydol     1.0000    1.0000    1.0000         6
    Clefable     1.0000    1.0000    1.0000        10
    Clefairy     1.0000    0.1000    0.1818        10
      Cleffa     0.8571    0.7500    0.8000         8
   Clobbopus     1.0000    1.0000    1.0000         2
    Cloyster     1.0000    1.0000    1.0000        10
   Coalossal     1.0000    1.0000    1.0000         6
    Cobalion     1.0000    1.0000    1.0000         6
  Cofagrigus     0.8571    1.0000    0.9231         6
      Combee     1.0000    1.0000    1.0000         6
   Combusken     1.0000    1.0000    1.0000         6
      Comfey     0.6667    1.0000    0.8000         6
  Conkeldurr     1.0000    1.0000    1.0000         6
  Copperajah     1.0000    1.0000    1.0000         2
    Corphish     1.0000    1.0000    1.0000         6
     Corsola     1.0000    1.0000    1.0000        10
 Corviknight     0.7500    1.0000    0.8571         6
 Corvisquire     1.0000    1.0000    1.0000         4
     Cosmoem     1.0000    1.0000    1.0000         6
      Cosmog     1.0000    1.0000    1.0000         6
    Cottonee     0.6000    1.0000    0.7500         6
Crabominable     1.0000    1.0000    1.0000         6
  Crabrawler     1.0000    1.0000    1.0000         6
     Cradily     1.0000    1.0000    1.0000         6
   Cramorant     1.0000    1.0000    1.0000         6
    Cranidos     1.0000    1.0000    1.0000         6
   Crawdaunt     1.0000    1.0000    1.0000         6
   Cresselia     0.8571    1.0000    0.9231         6
    Croagunk     0.6667    1.0000    0.8000         6
      Crobat     0.7500    0.7500    0.7500         8
    Croconaw     0.8889    1.0000    0.9412         8
     Crustle     0.7143    0.8333    0.7692         6
   Cryogonal     0.6667    1.0000    0.8000         6
     Cubchoo     1.0000    1.0000    1.0000         6
      Cubone     1.0000    1.0000    1.0000        10
      Cufant     1.0000    1.0000    1.0000         4
     Cursola     1.0000    1.0000    1.0000         4
    Cutiefly     1.0000    1.0000    1.0000         6
   Cyndaquil     1.0000    1.0000    1.0000         8
     Darkrai     1.0000    1.0000    1.0000         6
  Darmanitan     0.2105    0.8000    0.3333        10
     Dartrix     0.8571    1.0000    0.9231         6
    Darumaka     1.0000    1.0000    1.0000         8
   Decidueye     1.0000    1.0000    1.0000         8
     Dedenne     1.0000    1.0000    1.0000         6
    Deerling     1.0000    1.0000    1.0000         6
       Deino     1.0000    1.0000    1.0000         6
    Delcatty     1.0000    1.0000    1.0000         6
    Delibird     1.0000    1.0000    1.0000         8
     Delphox     1.0000    1.0000    1.0000         6
      Deoxys     1.0000    0.4167    0.5882        12
     Dewgong     1.0000    1.0000    1.0000        10
      Dewott     1.0000    1.0000    1.0000         6
    Dewpider     1.0000    1.0000    1.0000         6
    Dhelmise     1.0000    1.0000    1.0000         2
      Dialga     1.0000    1.0000    1.0000        10
     Diancie     1.0000    1.0000    1.0000        12
   Diggersby     1.0000    1.0000    1.0000         6
     Diglett     0.7222    0.9286    0.8125        14
       Ditto     0.7273    0.8000    0.7619        10
      Dodrio     1.0000    0.7000    0.8235        10
       Doduo     1.0000    0.8750    0.9333         8
     Donphan     1.0000    1.0000    1.0000         8
     Dottler     0.2667    1.0000    0.4211         4
    Doublade     1.0000    1.0000    1.0000         6
   Dracovish     1.0000    1.0000    1.0000         2
   Dracozolt     1.0000    1.0000    1.0000         4
    Dragalge     0.8333    0.8333    0.8333         6
   Dragapult     1.0000    1.0000    1.0000         4
   Dragonair     1.0000    1.0000    1.0000        10
   Dragonite     1.0000    0.8000    0.8889        10
    Drakloak     1.0000    1.0000    1.0000         4
      Drampa     1.0000    1.0000    1.0000         2
     Drapion     1.0000    0.8333    0.9091         6
     Dratini     1.0000    0.6000    0.7500        10
     Drednaw     1.0000    1.0000    1.0000         6
      Dreepy     1.0000    1.0000    1.0000         4
    Drifblim     1.0000    1.0000    1.0000         6
    Drifloon     1.0000    1.0000    1.0000         6
     Drilbur     1.0000    1.0000    1.0000         6
    Drizzile     1.0000    1.0000    1.0000         4
     Drowzee     1.0000    1.0000    1.0000        10
   Druddigon     1.0000    1.0000    1.0000         6
     Dubwool     0.8000    1.0000    0.8889         4
    Ducklett     1.0000    1.0000    1.0000         6
     Dugtrio     1.0000    0.0714    0.1333        14
   Dunsparce     1.0000    0.7500    0.8571         8
     Duosion     0.0000    0.0000    0.0000         6
   Duraludon     1.0000    1.0000    1.0000         6
      Durant     0.5455    1.0000    0.7059         6
    Dusclops     0.7500    1.0000    0.8571         6
    Dusknoir     1.0000    1.0000    1.0000         6
     Duskull     1.0000    0.3333    0.5000         6
      Dustox     1.0000    1.0000    1.0000         6
     Dwebble     1.0000    0.5000    0.6667         6
   Eelektrik     1.0000    1.0000    1.0000         6
  Eelektross     1.0000    1.0000    1.0000         6
       Eevee     1.0000    1.0000    1.0000        12
      Eiscue     1.0000    1.0000    1.0000         4
       Ekans     0.9091    1.0000    0.9524        10
    Eldegoss     0.0000    0.0000    0.0000         2
  Electabuzz     1.0000    1.0000    1.0000        10
  Electivire     1.0000    1.0000    1.0000         6
   Electrike     1.0000    1.0000    1.0000         6
   Electrode     0.0000    0.0000    0.0000        10
      Elekid     1.0000    1.0000    1.0000         8
      Elgyem     1.0000    1.0000    1.0000         6
      Emboar     1.0000    1.0000    1.0000         6
      Emolga     1.0000    1.0000    1.0000         6
    Empoleon     1.0000    1.0000    1.0000         6
       Entei     1.0000    0.7500    0.8571         8
  Escavalier     1.0000    1.0000    1.0000         6
      Espeon     1.0000    1.0000    1.0000         8
      Espurr     1.0000    1.0000    1.0000         6
   Eternatus     1.0000    1.0000    1.0000         4
   Excadrill     1.0000    1.0000    1.0000         6
   Exeggcute     1.0000    1.0000    1.0000        10
   Exeggutor     1.0000    1.0000    1.0000         8
     Exploud     1.0000    1.0000    1.0000         6
     Falinks     1.0000    1.0000    1.0000         4
  Farfetch'd     1.0000    1.0000    1.0000        10
      Fearow     1.0000    1.0000    1.0000         8
      Feebas     1.0000    1.0000    1.0000         6
    Fennekin     1.0000    1.0000    1.0000         6
  Feraligatr     1.0000    1.0000    1.0000         8
   Ferroseed     1.0000    1.0000    1.0000         6
  Ferrothorn     1.0000    1.0000    1.0000         6
     Finneon     1.0000    1.0000    1.0000         6
     Flaaffy     1.0000    1.0000    1.0000         8
     Flabebe     1.0000    1.0000    1.0000         8
     Flapple     0.7500    1.0000    0.8571         6
     Flareon     1.0000    1.0000    1.0000        10
 Fletchinder     1.0000    1.0000    1.0000         6
  Fletchling     1.0000    1.0000    1.0000         6
    Floatzel     1.0000    1.0000    1.0000         6
     Floette     1.0000    1.0000    1.0000         6
     Florges     1.0000    1.0000    1.0000         6
      Flygon     0.6667    1.0000    0.8000         6
    Fomantis     1.0000    1.0000    1.0000         6
     Foongus     1.0000    1.0000    1.0000         6
  Forretress     1.0000    1.0000    1.0000         8
     Fraxure     0.7500    1.0000    0.8571         6
    Frillish     0.8182    0.9000    0.8571        10
     Froakie     1.0000    1.0000    1.0000         6
   Frogadier     1.0000    0.8333    0.9091         6
    Froslass     1.0000    0.6667    0.8000         6
    Frosmoth     1.0000    1.0000    1.0000         4
     Furfrou     1.0000    0.7857    0.8800        14
      Furret     1.0000    1.0000    1.0000         8
      Gabite     1.0000    1.0000    1.0000         6
     Gallade     1.0000    0.7000    0.8235        10
  Galvantula     1.0000    1.0000    1.0000         6
    Garbodor     1.0000    1.0000    1.0000         8
    Garchomp     0.7692    1.0000    0.8696        10
   Gardevoir     1.0000    0.7000    0.8235        10
      Gastly     1.0000    1.0000    1.0000         8
   Gastrodon     1.0000    1.0000    1.0000        10
    Genesect     1.0000    1.0000    1.0000         6
      Gengar     0.8182    0.6429    0.7200        14
     Geodude     1.0000    1.0000    1.0000        14
       Gible     1.0000    0.8333    0.9091         6
    Gigalith     1.0000    1.0000    1.0000         6
   Girafarig     0.7273    1.0000    0.8421         8
    Giratina     1.0000    1.0000    1.0000        10
     Glaceon     0.7500    1.0000    0.8571         6
      Glalie     1.0000    1.0000    1.0000        10
     Glameow     0.5714    1.0000    0.7273         4
   Glastrier     1.0000    1.0000    1.0000         2
      Gligar     1.0000    1.0000    1.0000         8
     Gliscor     1.0000    1.0000    1.0000         6
       Gloom     1.0000    0.9000    0.9474        10
      Gogoat     1.0000    1.0000    1.0000         6
      Golbat     1.0000    1.0000    1.0000         8
     Goldeen     1.0000    1.0000    1.0000         8
     Golduck     0.8333    1.0000    0.9091        10
       Golem     0.8235    1.0000    0.9032        14
      Golett     1.0000    1.0000    1.0000         6
   Golisopod     1.0000    1.0000    1.0000         6
      Golurk     1.0000    1.0000    1.0000         6
      Goodra     1.0000    1.0000    1.0000         6
       Goomy     1.0000    1.0000    1.0000         6
    Gorebyss     0.5455    1.0000    0.7059         6
  Gossifleur     1.0000    1.0000    1.0000         4
     Gothita     1.0000    1.0000    1.0000         6
  Gothitelle     1.0000    1.0000    1.0000         6
   Gothorita     1.0000    1.0000    1.0000         6
   Gourgeist     1.0000    1.0000    1.0000        10
    Granbull     1.0000    1.0000    1.0000         8
   Grapploct     1.0000    1.0000    1.0000         4
    Graveler     1.0000    1.0000    1.0000        14
    Greedent     0.4444    1.0000    0.6154         4
    Greninja     0.7143    1.0000    0.8333        10
      Grimer     0.9333    1.0000    0.9655        14
  Grimmsnarl     1.0000    1.0000    1.0000         6
     Grookey     1.0000    1.0000    1.0000         6
      Grotle     0.8571    1.0000    0.9231         6
     Groudon     1.0000    0.9167    0.9565        12
     Grovyle     1.0000    1.0000    1.0000         6
   Growlithe     0.7692    1.0000    0.8696        10
     Grubbin     0.5455    1.0000    0.7059         6
     Grumpig     1.0000    1.0000    1.0000         6
      Gulpin     1.0000    1.0000    1.0000         6
    Gumshoos     1.0000    1.0000    1.0000         6
     Gurdurr     1.0000    1.0000    1.0000         6
    Guzzlord     0.8571    1.0000    0.9231         6
    Gyarados     1.0000    1.0000    1.0000        12
    Hakamo-o     1.0000    1.0000    1.0000         6
     Happiny     1.0000    1.0000    1.0000         6
    Hariyama     1.0000    1.0000    1.0000         6
     Hatenna     1.0000    1.0000    1.0000         4
   Hatterene     1.0000    1.0000    1.0000         6
     Hattrem     1.0000    1.0000    1.0000         4
     Haunter     1.0000    1.0000    1.0000         6
    Hawlucha     1.0000    1.0000    1.0000         6
     Haxorus     0.7500    1.0000    0.8571         6
     Heatmor     1.0000    1.0000    1.0000         6
     Heatran     1.0000    0.7500    0.8571         8
   Heliolisk     1.0000    1.0000    1.0000         6
  Helioptile     1.0000    1.0000    1.0000         4
   Heracross     1.0000    1.0000    1.0000         8
     Herdier     1.0000    1.0000    1.0000         6
  Hippopotas     0.7500    1.0000    0.8571         6
   Hippowdon     1.0000    1.0000    1.0000         6
  Hitmonchan     1.0000    1.0000    1.0000        10
   Hitmonlee     0.8333    1.0000    0.9091        10
   Hitmontop     1.0000    1.0000    1.0000         8
       Ho-oh     1.0000    1.0000    1.0000        10
   Honchkrow     0.7500    1.0000    0.8571         6
     Honedge     0.4000    1.0000    0.5714         2
       Hoopa     1.0000    1.0000    1.0000         4
    Hoothoot     1.0000    1.0000    1.0000         8
      Hoppip     1.0000    1.0000    1.0000         8
      Horsea     1.0000    1.0000    1.0000        10
    Houndoom     1.0000    0.9167    0.9565        12
    Houndour     1.0000    1.0000    1.0000         4
     Huntail     1.0000    1.0000    1.0000         4
   Hydreigon     0.8571    1.0000    0.9231         6
       Hypno     1.0000    0.9000    0.9474        10
   Igglybuff     0.5333    1.0000    0.6957         8
    Illumise     1.0000    1.0000    1.0000         6
    Impidimp     1.0000    1.0000    1.0000         4
  Incineroar     1.0000    1.0000    1.0000         6
    Indeedee     1.0000    1.0000    1.0000         4
   Infernape     0.7500    1.0000    0.8571         6
       Inkay     1.0000    1.0000    1.0000         6
    Inteleon     1.0000    1.0000    1.0000         2
     Ivysaur     1.0000    0.8000    0.8889        10
    Jangmo-o     0.8571    1.0000    0.9231         6
   Jellicent     1.0000    1.0000    1.0000        10
  Jigglypuff     0.8182    0.9000    0.8571        10
     Jirachi     0.7500    1.0000    0.8571         6
     Jolteon     0.8333    1.0000    0.9091        10
      Joltik     1.0000    1.0000    1.0000         6
    Jumpluff     1.0000    1.0000    1.0000         6
        Jynx     0.8000    1.0000    0.8889         4
      Kabuto     1.0000    0.4000    0.5714        10
    Kabutops     1.0000    0.8000    0.8889        10
     Kadabra     1.0000    1.0000    1.0000        10
      Kakuna     0.0000    0.0000    0.0000        10
  Kangaskhan     1.0000    0.8333    0.9091        12
  Karrablast     1.0000    1.0000    1.0000         6
     Kartana     0.3000    1.0000    0.4615         6
     Kecleon     1.0000    1.0000    1.0000         6
      Keldeo     0.8889    1.0000    0.9412         8
     Kingdra     1.0000    1.0000    1.0000         8
     Kingler     1.0000    1.0000    1.0000         4
      Kirlia     1.0000    1.0000    1.0000         6
       Klang     0.0000    0.0000    0.0000         6
      Klefki     1.0000    1.0000    1.0000         6
       Klink     1.0000    1.0000    1.0000         6
   Klinklang     1.0000    1.0000    1.0000         4
     Koffing     1.0000    1.0000    1.0000         8
      Komala     1.0000    1.0000    1.0000         6
     Kommo-o     1.0000    1.0000    1.0000         6
      Krabby     1.0000    0.8000    0.8889        10
   Kricketot     1.0000    0.6667    0.8000         6
  Kricketune     1.0000    1.0000    1.0000         6
    Krokorok     1.0000    1.0000    1.0000         6
  Krookodile     1.0000    1.0000    1.0000         4
       Kubfu     1.0000    1.0000    1.0000         4
      Kyogre     1.0000    1.0000    1.0000        12
      Kyurem     1.0000    1.0000    1.0000        10
      Lairon     1.0000    1.0000    1.0000         6
     Lampent     1.0000    1.0000    1.0000         6
    Landorus     1.0000    1.0000    1.0000         8
     Lanturn     1.0000    1.0000    1.0000         8
      Lapras     1.0000    1.0000    1.0000        10
    Larvesta     1.0000    1.0000    1.0000         6
    Larvitar     0.8571    0.7500    0.8000         8
      Latias     0.8750    0.5833    0.7000        12
      Latios     1.0000    0.8333    0.9091        12
     Leafeon     1.0000    0.6667    0.8000         6
    Leavanny     0.7500    1.0000    0.8571         6
      Ledian     0.8889    1.0000    0.9412         8
      Ledyba     1.0000    1.0000    1.0000         8
  Lickilicky     1.0000    1.0000    1.0000         6
   Lickitung     0.5556    1.0000    0.7143        10
     Liepard     1.0000    1.0000    1.0000         6
      Lileep     1.0000    1.0000    1.0000         6
   Lilligant     1.0000    1.0000    1.0000         6
    Lillipup     0.7500    1.0000    0.8571         6
     Linoone     1.0000    0.2500    0.4000         8
      Litleo     0.8571    1.0000    0.9231         6
      Litten     1.0000    1.0000    1.0000         8
     Litwick     0.5000    1.0000    0.6667         6
      Lombre     0.6667    1.0000    0.8000         6
     Lopunny     0.8000    1.0000    0.8889         8
       Lotad     0.7500    1.0000    0.8571         6
     Loudred     1.0000    0.3333    0.5000         6
     Lucario     0.7273    1.0000    0.8421         8
    Ludicolo     0.6667    1.0000    0.8000         6
       Lugia     0.7273    1.0000    0.8421         8
    Lumineon     1.0000    1.0000    1.0000         6
      Lunala     1.0000    1.0000    1.0000         8
    Lunatone     1.0000    1.0000    1.0000         6
    Lurantis     1.0000    1.0000    1.0000         6
     Luvdisc     0.4000    1.0000    0.5714         6
       Luxio     1.0000    1.0000    1.0000         6
      Luxray     1.0000    0.6667    0.8000         6
    Lycanroc     1.0000    0.4167    0.5882        12
     Machamp     1.0000    1.0000    1.0000        12
     Machoke     1.0000    1.0000    1.0000        10
      Machop     1.0000    1.0000    1.0000        10
       Magby     1.0000    1.0000    1.0000         8
    Magcargo     1.0000    0.5000    0.6667         8
    Magearna     1.0000    1.0000    1.0000         6
    Magikarp     1.0000    0.9000    0.9474        10
      Magmar     0.6667    0.4000    0.5000        10
   Magmortar     1.0000    1.0000    1.0000         6
   Magnemite     1.0000    1.0000    1.0000        10
    Magneton     0.8889    1.0000    0.9412         8
   Magnezone     1.0000    1.0000    1.0000         6
    Makuhita     0.8571    1.0000    0.9231         6
     Malamar     1.0000    1.0000    1.0000         6
   Mamoswine     0.8571    1.0000    0.9231         6
     Manaphy     1.0000    1.0000    1.0000         6
   Mandibuzz     1.0000    1.0000    1.0000         6
   Manectric     1.0000    1.0000    1.0000        10
      Mankey     1.0000    1.0000    1.0000        10
     Mantine     1.0000    0.7500    0.8571         8
     Mantyke     1.0000    1.0000    1.0000         6
    Maractus     1.0000    1.0000    1.0000         6
    Mareanie     1.0000    1.0000    1.0000         6
      Mareep     1.0000    1.0000    1.0000         8
      Marill     1.0000    1.0000    1.0000         8
     Marowak     1.0000    0.9286    0.9630        14
   Marshadow     1.0000    1.0000    1.0000         8
   Marshtomp     1.0000    1.0000    1.0000         6
  Masquerain     1.0000    1.0000    1.0000         6
      Mawile     1.0000    0.6000    0.7500        10
    Medicham     1.0000    1.0000    1.0000        10
    Meditite     1.0000    1.0000    1.0000         6
    Meganium     1.0000    0.7500    0.8571         8
    Melmetal     1.0000    0.5000    0.6667         4
    Meloetta     1.0000    0.3333    0.5000         6
      Meltan     1.0000    1.0000    1.0000         2
    Meowstic     1.0000    1.0000    1.0000         8
      Meowth     1.0000    1.0000    1.0000        10
     Mesprit     1.0000    1.0000    1.0000         4
   Metagross     1.0000    1.0000    1.0000        14
      Metang     0.0000    0.0000    0.0000         6
     Metapod     1.0000    1.0000    1.0000        10
         Mew     1.0000    0.7000    0.8235        10
      Mewtwo     1.0000    0.9286    0.9630        14
     Mienfoo     1.0000    0.1667    0.2857         6
    Mienshao     0.8571    1.0000    0.9231         6
   Mightyena     1.0000    1.0000    1.0000         6
     Milcery     1.0000    1.0000    1.0000         4
     Milotic     1.0000    1.0000    1.0000         4
     Miltank     1.0000    1.0000    1.0000         8
     Mime Jr     1.0000    1.0000    1.0000         4
     Mimikyu     1.0000    1.0000    1.0000         8
    Minccino     1.0000    1.0000    1.0000         6
      Minior     0.6667    1.0000    0.8000        10
       Minun     1.0000    1.0000    1.0000         6
  Misdreavus     0.8889    1.0000    0.9412         8
   Mismagius     1.0000    1.0000    1.0000         6
     Moltres     1.0000    0.9167    0.9565        12
    Monferno     1.0000    0.8333    0.9091         6
    Morelull     0.8571    1.0000    0.9231         6
     Morgrem     1.0000    1.0000    1.0000         4
     Morpeko     0.8000    1.0000    0.8889         4
      Mothim     1.0000    1.0000    1.0000         6
    Mr. Mime     1.0000    1.0000    1.0000        10
    Mr. Rime     1.0000    1.0000    1.0000         2
     Mudbray     0.8571    1.0000    0.9231         6
      Mudkip     1.0000    1.0000    1.0000        10
    Mudsdale     1.0000    1.0000    1.0000         6
         Muk     1.0000    1.0000    1.0000        14
    Munchlax     1.0000    1.0000    1.0000         6
       Munna     0.0000    0.0000    0.0000         6
     Murkrow     1.0000    1.0000    1.0000         8
    Musharna     1.0000    1.0000    1.0000         6
   Naganadel     1.0000    1.0000    1.0000         6
        Natu     1.0000    1.0000    1.0000         8
    Necrozma     1.0000    1.0000    1.0000         6
      Nickit     1.0000    1.0000    1.0000         4
    Nidoking     0.9000    0.9000    0.9000        10
   Nidoqueen     0.8571    0.6000    0.7059        10
   Nidoran-f     1.0000    0.6000    0.7500        10
   Nidoran-m     1.0000    1.0000    1.0000        10
    Nidorina     0.7500    0.9000    0.8182        10
    Nidorino     1.0000    1.0000    1.0000        10
    Nihilego     1.0000    1.0000    1.0000         4
     Nincada     1.0000    1.0000    1.0000         6
   Ninetales     1.0000    0.5714    0.7273        14
     Ninjask     1.0000    1.0000    1.0000         6
     Noctowl     1.0000    1.0000    1.0000         8
      Noibat     0.7500    1.0000    0.8571         6
     Noivern     1.0000    1.0000    1.0000         6
    Nosepass     1.0000    0.8333    0.9091         6
       Numel     0.8571    1.0000    0.9231         6
     Nuzleaf     1.0000    1.0000    1.0000         6
   Obstagoon     1.0000    1.0000    1.0000         6
   Octillery     1.0000    1.0000    1.0000         8
      Oddish     1.0000    1.0000    1.0000        10
     Omanyte     1.0000    0.4000    0.5714        10
     Omastar     1.0000    0.9000    0.9474        10
        Onix     0.6667    1.0000    0.8000         8
    Oranguru     0.7500    1.0000    0.8571         6
    Orbeetle     1.0000    1.0000    1.0000         4
    Oricorio     1.0000    0.8333    0.9091        12
    Oshawott     1.0000    1.0000    1.0000         8
   Pachirisu     1.0000    1.0000    1.0000         6
      Palkia     1.0000    1.0000    1.0000        10
   Palossand     1.0000    1.0000    1.0000         6
   Palpitoad     0.0000    0.0000    0.0000         6
     Pancham     1.0000    1.0000    1.0000         6
     Pangoro     1.0000    1.0000    1.0000         6
     Panpour     1.0000    1.0000    1.0000         4
     Pansage     1.0000    1.0000    1.0000         4
     Pansear     1.0000    1.0000    1.0000         6
       Paras     1.0000    1.0000    1.0000         8
    Parasect     1.0000    1.0000    1.0000        10
   Passimian     1.0000    1.0000    1.0000         6
      Patrat     1.0000    1.0000    1.0000         6
    Pawniard     0.6000    1.0000    0.7500         6
    Pelipper     1.0000    1.0000    1.0000         6
  Perrserker     1.0000    1.0000    1.0000         4
     Persian     0.9333    1.0000    0.9655        14
     Petilil     1.0000    1.0000    1.0000         6
      Phanpy     1.0000    1.0000    1.0000         8
    Phantump     1.0000    1.0000    1.0000         6
   Pheromosa     1.0000    1.0000    1.0000         2
      Phione     1.0000    1.0000    1.0000         6
       Pichu     1.0000    1.0000    1.0000         8
     Pidgeot     1.0000    0.8571    0.9231        14
   Pidgeotto     0.9091    1.0000    0.9524        10
      Pidgey     1.0000    1.0000    1.0000         8
      Pidove     1.0000    1.0000    1.0000         6
     Pignite     1.0000    1.0000    1.0000         6
     Pikachu     1.0000    1.0000    1.0000         6
     Pikipek     1.0000    1.0000    1.0000         6
   Piloswine     0.5000    1.0000    0.6667         8
  Pincurchin     1.0000    1.0000    1.0000         4
      Pineco     1.0000    1.0000    1.0000         8
      Pinsir     1.0000    1.0000    1.0000        12
      Piplup     0.8000    1.0000    0.8889         8
      Plusle     1.0000    1.0000    1.0000         6
     Poipole     1.0000    1.0000    1.0000         8
    Politoed     1.0000    1.0000    1.0000         8
     Poliwag     1.0000    1.0000    1.0000        10
   Poliwhirl     1.0000    1.0000    1.0000        10
   Poliwrath     1.0000    1.0000    1.0000         8
 Polteageist     0.6667    1.0000    0.8000         4
      Ponyta     0.8571    1.0000    0.9231        12
   Poochyena     1.0000    1.0000    1.0000         6
     Popplio     1.0000    1.0000    1.0000        10
     Porygon     1.0000    1.0000    1.0000        10
   Porygon-Z     0.5714    1.0000    0.7273         4
    Porygon2     1.0000    1.0000    1.0000         8
   Primarina     1.0000    1.0000    1.0000         6
    Primeape     1.0000    1.0000    1.0000        10
    Prinplup     1.0000    1.0000    1.0000         6
   Probopass     0.4615    1.0000    0.6316         6
     Psyduck     0.6667    1.0000    0.8000        10
   Pumpkaboo     1.0000    1.0000    1.0000        10
     Pupitar     0.8889    1.0000    0.9412         8
    Purrloin     1.0000    1.0000    1.0000         6
     Purugly     1.0000    1.0000    1.0000         6
      Pyroar     0.8000    1.0000    0.8889         8
   Pyukumuku     1.0000    1.0000    1.0000         6
    Quagsire     0.8889    1.0000    0.9412         8
     Quilava     1.0000    1.0000    1.0000         8
   Quilladin     0.6667    1.0000    0.8000         6
    Qwilfish     1.0000    1.0000    1.0000         8
      Raboot     1.0000    1.0000    1.0000         4
      Raichu     1.0000    1.0000    1.0000        14
      Raikou     1.0000    1.0000    1.0000        10
       Ralts     1.0000    1.0000    1.0000         6
   Rampardos     1.0000    1.0000    1.0000         6
    Rapidash     1.0000    0.8333    0.9091        12
    Raticate     0.9091    0.7143    0.8000        14
     Rattata     1.0000    0.9286    0.9630        14
    Rayquaza     1.0000    1.0000    1.0000         8
      Regice     0.5000    0.6667    0.5714         6
   Regidrago     1.0000    1.0000    1.0000         4
   Regieleki     0.4000    1.0000    0.5714         4
   Regigigas     0.8000    1.0000    0.8889         8
    Regirock     1.0000    1.0000    1.0000         6
   Registeel     1.0000    1.0000    1.0000         6
   Relicanth     1.0000    1.0000    1.0000         6
    Remoraid     1.0000    1.0000    1.0000         8
    Reshiram     1.0000    1.0000    1.0000        10
   Reuniclus     1.0000    1.0000    1.0000         6
      Rhydon     0.8333    1.0000    0.9091        10
     Rhyhorn     1.0000    1.0000    1.0000         8
   Rhyperior     1.0000    1.0000    1.0000         6
    Ribombee     0.6667    1.0000    0.8000         6
   Rillaboom     1.0000    1.0000    1.0000         4
       Riolu     1.0000    1.0000    1.0000         6
    Rockruff     1.0000    1.0000    1.0000        10
  Roggenrola     1.0000    1.0000    1.0000         6
    Rolycoly     1.0000    1.0000    1.0000         6
    Rookidee     1.0000    1.0000    1.0000         4
     Roselia     1.0000    1.0000    1.0000         6
    Roserade     1.0000    1.0000    1.0000         6
       Rotom     0.8571    1.0000    0.9231        12
      Rowlet     0.5714    1.0000    0.7273         8
     Rufflet     0.6000    1.0000    0.7500         6
   Runerigus     1.0000    1.0000    1.0000         4
     Sableye     1.0000    1.0000    1.0000        10
   Salamence     1.0000    1.0000    1.0000        10
    Salandit     1.0000    1.0000    1.0000         6
    Salazzle     1.0000    1.0000    1.0000         6
    Samurott     0.8571    1.0000    0.9231         6
  Sandaconda     0.1818    1.0000    0.3077         4
     Sandile     0.8571    1.0000    0.9231         6
   Sandshrew     0.8667    0.9286    0.8966        14
   Sandslash     0.8571    0.7500    0.8000         8
   Sandygast     1.0000    0.8333    0.9091         6
        Sawk     1.0000    1.0000    1.0000         6
    Sawsbuck     1.0000    0.6429    0.7826        14
  Scatterbug     1.0000    1.0000    1.0000         6
    Sceptile     1.0000    1.0000    1.0000         8
      Scizor     1.0000    0.7500    0.8571        12
   Scolipede     1.0000    1.0000    1.0000         6
   Scorbunny     1.0000    1.0000    1.0000         6
     Scrafty     1.0000    1.0000    1.0000         6
     Scraggy     1.0000    1.0000    1.0000         6
     Scyther     1.0000    1.0000    1.0000         8
      Seadra     1.0000    1.0000    1.0000        10
     Seaking     1.0000    1.0000    1.0000        10
      Sealeo     1.0000    1.0000    1.0000         6
      Seedot     0.7500    1.0000    0.8571         6
        Seel     1.0000    1.0000    1.0000        10
  Seismitoad     1.0000    1.0000    1.0000         6
     Sentret     1.0000    1.0000    1.0000         8
   Serperior     1.0000    1.0000    1.0000         6
     Servine     1.0000    1.0000    1.0000         6
     Seviper     1.0000    1.0000    1.0000         6
    Sewaddle     1.0000    1.0000    1.0000         6
    Sharpedo     1.0000    1.0000    1.0000        10
     Shaymin     0.8889    1.0000    0.9412         8
    Shedinja     1.0000    0.6667    0.8000         6
     Shelgon     1.0000    1.0000    1.0000         6
    Shellder     0.9091    1.0000    0.9524        10
     Shellos     0.8333    1.0000    0.9091        10
     Shelmet     1.0000    1.0000    1.0000         6
    Shieldon     1.0000    1.0000    1.0000         6
     Shiftry     1.0000    1.0000    1.0000         6
   Shiinotic     0.6000    1.0000    0.7500         6
       Shinx     1.0000    1.0000    1.0000         6
   Shroomish     0.6667    1.0000    0.8000         6
     Shuckle     1.0000    1.0000    1.0000         8
     Shuppet     0.6000    1.0000    0.7500         6
    Sigilyph     0.7500    1.0000    0.8571         6
     Silcoon     1.0000    1.0000    1.0000         6
   Silicobra     0.5000    1.0000    0.6667         4
    Silvally     1.0000    1.0000    1.0000        12
    Simipour     1.0000    1.0000    1.0000         6
    Simisage     1.0000    1.0000    1.0000         6
    Simisear     1.0000    1.0000    1.0000         6
    Sinistea     1.0000    1.0000    1.0000         2
  Sirfetch'd     0.5714    1.0000    0.7273         4
  Sizzlipede     0.6667    1.0000    0.8000         4
    Skarmory     1.0000    1.0000    1.0000         8
      Skiddo     0.7500    1.0000    0.8571         6
    Skiploom     1.0000    0.7500    0.8571         8
      Skitty     1.0000    1.0000    1.0000         6
     Skorupi     1.0000    1.0000    1.0000         6
      Skrelp     1.0000    1.0000    1.0000         6
    Skuntank     1.0000    1.0000    1.0000         6
     Skwovet     1.0000    1.0000    1.0000         4
     Slaking     0.4615    1.0000    0.6316         6
     Slakoth     1.0000    1.0000    1.0000         6
     Sliggoo     1.0000    1.0000    1.0000         6
     Slowbro     1.0000    1.0000    1.0000        12
    Slowking     1.0000    1.0000    1.0000         8
    Slowpoke     0.8000    1.0000    0.8889        12
      Slugma     1.0000    1.0000    1.0000         8
    Slurpuff     0.6000    1.0000    0.7500         6
    Smeargle     0.8889    1.0000    0.9412         8
    Smoochum     1.0000    1.0000    1.0000         8
     Sneasel     1.0000    0.6250    0.7692         8
       Snivy     1.0000    1.0000    1.0000         6
        Snom     1.0000    0.5000    0.6667         4
     Snorlax     1.0000    0.4000    0.5714        10
     Snorunt     1.0000    1.0000    1.0000         6
      Snover     1.0000    1.0000    1.0000         6
    Snubbull     1.0000    1.0000    1.0000         8
      Sobble     1.0000    1.0000    1.0000         4
    Solgaleo     1.0000    1.0000    1.0000         6
     Solosis     0.0000    0.0000    0.0000         6
     Solrock     0.8571    1.0000    0.9231         6
     Spearow     1.0000    0.8000    0.8889        10
   Spectrier     1.0000    0.5000    0.6667         4
      Spewpa     1.0000    0.6667    0.8000         6
      Spheal     0.0000    0.0000    0.0000         6
    Spinarak     1.0000    1.0000    1.0000         8
      Spinda     1.0000    1.0000    1.0000         6
   Spiritomb     0.0000    0.0000    0.0000         6
      Spoink     0.7143    0.8333    0.7692         6
    Spritzee     1.0000    1.0000    1.0000         6
    Squirtle     1.0000    1.0000    1.0000         8
   Stakataka     1.0000    1.0000    1.0000         6
    Stantler     0.5714    1.0000    0.7273         8
   Staraptor     1.0000    1.0000    1.0000         6
    Staravia     1.0000    1.0000    1.0000         6
      Starly     1.0000    1.0000    1.0000         6
     Starmie     1.0000    0.6000    0.7500        10
      Staryu     1.0000    1.0000    1.0000        10
     Steelix     1.0000    0.8000    0.8889        10
     Steenee     0.8571    1.0000    0.9231         6
 Stonjourner     1.0000    1.0000    1.0000         4
   Stoutland     1.0000    1.0000    1.0000         6
     Stufful     0.8000    1.0000    0.8889         8
    Stunfisk     1.0000    1.0000    1.0000         8
      Stunky     1.0000    1.0000    1.0000         6
   Sudowoodo     1.0000    1.0000    1.0000         8
     Suicune     1.0000    1.0000    1.0000         6
    Sunflora     0.8000    1.0000    0.8889         8
     Sunkern     1.0000    1.0000    1.0000         8
     Surskit     0.6000    1.0000    0.7500         6
      Swablu     1.0000    1.0000    1.0000         4
    Swadloon     1.0000    1.0000    1.0000         6
      Swalot     1.0000    0.1667    0.2857         6
    Swampert     0.8889    0.8000    0.8421        10
      Swanna     1.0000    1.0000    1.0000         6
     Swellow     1.0000    1.0000    1.0000         6
      Swinub     0.0000    0.0000    0.0000         8
     Swirlix     1.0000    0.6250    0.7692         8
     Swoobat     1.0000    1.0000    1.0000         6
     Sylveon     1.0000    1.0000    1.0000         6
     Taillow     1.0000    1.0000    1.0000         6
  Talonflame     0.0000    0.0000    0.0000         6
     Tangela     0.8571    0.7500    0.8000         8
   Tangrowth     0.8571    1.0000    0.9231         6
   Tapu Bulu     1.0000    1.0000    1.0000         4
   Tapu Fini     1.0000    1.0000    1.0000         4
   Tapu Koko     1.0000    1.0000    1.0000         4
   Tapu Lele     0.8000    1.0000    0.8889         4
      Tauros     0.7692    1.0000    0.8696        10
   Teddiursa     1.0000    1.0000    1.0000         8
   Tentacool     1.0000    1.0000    1.0000        10
  Tentacruel     1.0000    1.0000    1.0000         8
       Tepig     1.0000    1.0000    1.0000         8
   Terrakion     0.7500    1.0000    0.8571         6
     Thievul     1.0000    1.0000    1.0000         4
       Throh     1.0000    1.0000    1.0000         6
   Thundurus     1.0000    1.0000    1.0000        10
    Thwackey     1.0000    1.0000    1.0000         4
     Timburr     1.0000    1.0000    1.0000         6
    Tirtouga     1.0000    1.0000    1.0000         6
  Togedemaru     1.0000    1.0000    1.0000         6
    Togekiss     1.0000    1.0000    1.0000         6
      Togepi     1.0000    1.0000    1.0000         8
     Togetic     1.0000    1.0000    1.0000         8
     Torchic     1.0000    1.0000    1.0000        10
     Torkoal     1.0000    1.0000    1.0000         6
    Tornadus     1.0000    1.0000    1.0000        10
    Torracat     0.6667    1.0000    0.8000         8
    Torterra     1.0000    1.0000    1.0000         6
    Totodile     1.0000    1.0000    1.0000         8
   Toucannon     1.0000    1.0000    1.0000         6
     Toxapex     1.0000    1.0000    1.0000         6
       Toxel     1.0000    1.0000    1.0000         4
   Toxicroak     0.8571    1.0000    0.9231         6
  Toxtricity     1.0000    1.0000    1.0000         4
   Tranquill     1.0000    1.0000    1.0000         6
    Trapinch     0.7500    1.0000    0.8571         6
     Treecko     0.9091    1.0000    0.9524        10
   Trevenant     1.0000    1.0000    1.0000         6
     Tropius     0.8571    1.0000    0.9231         6
    Trubbish     0.7500    1.0000    0.8571         6
    Trumbeak     0.7500    1.0000    0.8571         6
    Tsareena     1.0000    1.0000    1.0000         6
  Turtonator     1.0000    1.0000    1.0000         6
     Turtwig     1.0000    1.0000    1.0000         8
     Tympole     1.0000    1.0000    1.0000         6
      Tynamo     0.6250    0.8333    0.7143         6
   Type Null     1.0000    1.0000    1.0000         4
  Typhlosion     1.0000    1.0000    1.0000         8
   Tyranitar     0.7333    0.9167    0.8148        12
   Tyrantrum     1.0000    1.0000    1.0000         6
     Tyrogue     1.0000    1.0000    1.0000         8
      Tyrunt     1.0000    1.0000    1.0000         6
     Umbreon     1.0000    1.0000    1.0000         8
    Unfezant     1.0000    1.0000    1.0000         8
       Unown     1.0000    1.0000    1.0000        14
    Ursaring     1.0000    1.0000    1.0000         8
     Urshifu     1.0000    1.0000    1.0000         8
        Uxie     1.0000    1.0000    1.0000         6
   Vanillish     1.0000    1.0000    1.0000         6
   Vanillite     1.0000    0.6667    0.8000         6
   Vanilluxe     0.6667    1.0000    0.8000         6
    Vaporeon     1.0000    1.0000    1.0000         8
    Venipede     1.0000    1.0000    1.0000         6
    Venomoth     1.0000    1.0000    1.0000        10
     Venonat     1.0000    1.0000    1.0000        10
    Venusaur     1.0000    0.3889    0.5600        18
   Vespiquen     1.0000    1.0000    1.0000         6
     Vibrava     0.7500    1.0000    0.8571         6
     Victini     1.0000    1.0000    1.0000         6
  Victreebel     1.0000    0.8750    0.9333         8
    Vigoroth     1.0000    1.0000    1.0000         6
    Vikavolt     1.0000    1.0000    1.0000         6
   Vileplume     1.0000    1.0000    1.0000        10
    Virizion     1.0000    1.0000    1.0000         6
    Vivillon     1.0000    0.7857    0.8800        14
     Volbeat     1.0000    1.0000    1.0000         6
   Volcanion     1.0000    1.0000    1.0000         6
   Volcarona     0.6000    1.0000    0.7500         6
     Voltorb     0.0000    0.0000    0.0000        10
     Vullaby     1.0000    1.0000    1.0000         6
      Vulpix     1.0000    0.8750    0.9333         8
     Wailmer     0.0000    0.0000    0.0000         6
     Wailord     0.0000    0.0000    0.0000         6
     Walrein     1.0000    0.6667    0.8000         6
   Wartortle     1.0000    1.0000    1.0000        10
     Watchog     1.0000    0.6667    0.8000         6
     Weavile     1.0000    0.8333    0.9091         6
      Weedle     1.0000    0.6000    0.7500        10
  Weepinbell     1.0000    1.0000    1.0000        10
     Weezing     1.0000    0.5000    0.6667         8
  Whimsicott     0.0000    0.0000    0.0000         6
  Whirlipede     1.0000    0.5000    0.6667         6
    Whiscash     1.0000    0.8333    0.9091         6
     Whismur     1.0000    0.1667    0.2857         6
  Wigglytuff     1.0000    0.9000    0.9474        10
      Wimpod     0.6667    0.6667    0.6667         6
     Wingull     1.0000    0.5000    0.6667         6
  Wishiwashi     0.8000    1.0000    0.8889         8
   Wobbuffet     1.0000    0.2500    0.4000         8
      Woobat     0.7500    1.0000    0.8571         6
      Wooloo     1.0000    0.6667    0.8000         6
      Wooper     1.0000    1.0000    1.0000         8
    Wormadam     1.0000    1.0000    1.0000        12
     Wurmple     1.0000    1.0000    1.0000         6
      Wynaut     1.0000    1.0000    1.0000         6
        Xatu     1.0000    1.0000    1.0000         8
     Xerneas     1.0000    0.1000    0.1818        10
   Xurkitree     1.0000    0.6667    0.8000         6
      Yamask     1.0000    1.0000    1.0000         8
      Yamper     1.0000    1.0000    1.0000         6
       Yanma     1.0000    0.5000    0.6667         8
     Yanmega     1.0000    0.5000    0.6667         6
     Yungoos     1.0000    1.0000    1.0000         6
     Yveltal     1.0000    0.0833    0.1538        12
      Zacian     1.0000    0.7500    0.8571         8
   Zamazenta     1.0000    0.6250    0.7692         8
    Zangoose     1.0000    1.0000    1.0000         6
      Zapdos     1.0000    0.9286    0.9630        14
      Zarude     1.0000    1.0000    1.0000         2
   Zebstrika     1.0000    0.8333    0.9091         6
      Zekrom     1.0000    1.0000    1.0000        10
     Zeraora     1.0000    0.6667    0.8000         6
   Zigzagoon     0.0000    0.0000    0.0000         8
     Zoroark     1.0000    1.0000    1.0000         6
       Zorua     1.0000    0.6667    0.8000         6
       Zubat     1.0000    0.7000    0.8235        10
    Zweilous     1.0000    1.0000    1.0000         6
     Zygarde     0.8000    0.6667    0.7273        12

    accuracy                         0.9159      6394
   macro avg     0.9216    0.9256    0.9104      6394
weighted avg     0.9247    0.9159    0.9061      6394
