              precision    recall  f1-score   support

   Abomasnow     0.9091    1.0000    0.9524        10
        Abra     1.0000    1.0000    1.0000        10
       Absol     1.0000    0.7000    0.8235        10
    Accelgor     0.7143    0.8333    0.7692         6
   Aegislash     0.8889    1.0000    0.9412         8
  Aerodactyl     0.8000    0.5714    0.6667        14
      Aggron     1.0000    0.8000    0.8889        10
       Aipom     1.0000    0.2500    0.4000         8
    Alakazam     1.0000    0.9286    0.9630        14
    Alcremie     1.0000    1.0000    1.0000         6
   Alomomola     0.8571    1.0000    0.9231         6
     Altaria     1.0000    0.9000    0.9474        10
      Amaura     1.0000    1.0000    1.0000         6
     Ambipom     1.0000    1.0000    1.0000         6
   Amoonguss     1.0000    1.0000    1.0000         6
    Ampharos     0.8000    1.0000    0.8889        12
     Anorith     1.0000    1.0000    1.0000         6
    Appletun     0.3333    1.0000    0.5000         6
      Applin     1.0000    1.0000    1.0000         4
   Araquanid     1.0000    1.0000    1.0000         6
       Arbok     0.8182    0.9000    0.8571        10
    Arcanine     1.0000    1.0000    1.0000        10
      Arceus     0.5714    1.0000    0.7273         4
      Archen     1.0000    1.0000    1.0000         6
    Archeops     0.6667    1.0000    0.8000         6
   Arctovish     1.0000    1.0000    1.0000         4
   Arctozolt     1.0000    1.0000    1.0000         2
     Ariados     1.0000    1.0000    1.0000         4
     Armaldo     0.6667    1.0000    0.8000         6
  Aromatisse     0.8571    1.0000    0.9231         6
        Aron     0.8571    1.0000    0.9231         6
    Arrokuda     0.8000    1.0000    0.8889         4
    Articuno     0.9231    1.0000    0.9600        12
      Audino     1.0000    1.0000    1.0000         8
     Aurorus     1.0000    1.0000    1.0000         6
     Avalugg     0.8571    1.0000    0.9231         6
        Axew     0.7500    1.0000    0.8571         6
       Azelf     0.8571    1.0000    0.9231         6
   Azumarill     1.0000    1.0000    1.0000         8
     Azurill     1.0000    1.0000    1.0000         4
       Bagon     0.8571    1.0000    0.9231         6
      Baltoy     1.0000    0.8333    0.9091         6
     Banette     1.0000    1.0000    1.0000        10
  Barbaracle     1.0000    1.0000    1.0000         6
    Barboach     0.7500    1.0000    0.8571         6
 Barraskewda     1.0000    0.7500    0.8571         4
    Basculin     1.0000    1.0000    1.0000         8
   Bastiodon     0.8571    1.0000    0.9231         6
     Bayleef     0.7273    1.0000    0.8421         8
     Beartic     1.0000    1.0000    1.0000         6
   Beautifly     1.0000    1.0000    1.0000         6
    Beedrill     0.9000    0.9000    0.9000        10
    Beheeyem     1.0000    1.0000    1.0000         6
      Beldum     1.0000    1.0000    1.0000         8
   Bellossom     0.8889    1.0000    0.9412         8
  Bellsprout     0.8889    1.0000    0.9412         8
    Bergmite     1.0000    1.0000    1.0000         6
      Bewear     1.0000    1.0000    1.0000         6
     Bibarel     1.0000    1.0000    1.0000         6
      Bidoof     1.0000    0.5000    0.6667         6
     Binacle     1.0000    0.5000    0.6667         6
     Bisharp     0.8000    1.0000    0.8889         4
 Blacephalon     1.0000    1.0000    1.0000         2
   Blastoise     0.9167    0.9167    0.9167        12
    Blaziken     1.0000    0.7000    0.8235        10
     Blipbug     0.8000    1.0000    0.8889         4
     Blissey     0.8750    0.8750    0.8750         8
     Blitzle     0.0000    0.0000    0.0000         6
     Boldore     1.0000    0.6667    0.8000         6
     Boltund     0.0000    0.0000    0.0000         4
      Bonsly     1.0000    0.8333    0.9091         6
  Bouffalant     1.0000    1.0000    1.0000         6
   Bounsweet     1.0000    0.6667    0.8000         6
     Braixen     1.0000    1.0000    1.0000         6
    Braviary     0.8571    1.0000    0.9231         6
     Breloom     1.0000    1.0000    1.0000         6
     Brionne     1.0000    1.0000    1.0000         8
    Bronzong     1.0000    0.8333    0.9091         6
     Bronzor     0.0000    0.0000    0.0000         6
     Bruxish     1.0000    1.0000    1.0000         6
       Budew     1.0000    0.8333    0.9091         6
      Buizel     1.0000    1.0000    1.0000         6
   Bulbasaur     0.6667    0.7500    0.7059         8
     Buneary     1.0000    0.8333    0.9091         6
    Bunnelby     1.0000    1.0000    1.0000         6
       Burmy     1.0000    0.2143    0.3529        14
  Butterfree     1.0000    1.0000    1.0000         8
    Buzzwole     1.0000    1.0000    1.0000         6
      Cacnea     0.8571    1.0000    0.9231         6
    Cacturne     1.0000    0.6667    0.8000         6
     Calyrex     0.8889    1.0000    0.9412         8
    Camerupt     0.6667    0.4000    0.5000        10
     Carbink     0.6667    1.0000    0.8000         6
      Carkol     1.0000    1.0000    1.0000         4
   Carnivine     0.6667    1.0000    0.8000         6
  Carracosta     0.6667    0.5000    0.5714         4
    Carvanha     0.4615    1.0000    0.6316         6
     Cascoon     0.4615    1.0000    0.6316         6
    Castform     0.6250    0.4167    0.5000        12
    Caterpie     1.0000    0.9000    0.9474        10
      Celebi     0.4667    0.8750    0.6087         8
  Celesteela     1.0000    1.0000    1.0000         2
 Centiskorch     0.8571    1.0000    0.9231         6
  Chandelure     0.6667    1.0000    0.8000         4
     Chansey     1.0000    0.7500    0.8571         8
   Charizard     0.9091    0.8333    0.8696        12
   Charjabug     0.6000    1.0000    0.7500         6
  Charmander     1.0000    0.8000    0.8889        10
  Charmeleon     0.8889    1.0000    0.9412         8
      Chatot     0.8000    0.6667    0.7273         6
     Cherrim     1.0000    0.8000    0.8889        10
     Cherubi     0.8571    1.0000    0.9231         6
  Chesnaught     0.7500    1.0000    0.8571         6
     Chespin     1.0000    0.6667    0.8000         6
     Chewtle     1.0000    1.0000    1.0000         4
   Chikorita     1.0000    0.7500    0.8571         8
    Chimchar     0.8571    0.7500    0.8000         8
    Chimecho     1.0000    1.0000    1.0000         6
    Chinchou     1.0000    1.0000    1.0000         8
   Chingling     0.8571    1.0000    0.9231         6
    Cinccino     1.0000    1.0000    1.0000         6
   Cinderace     1.0000    1.0000    1.0000         2
    Clamperl     0.8571    1.0000    0.9231         6
   Clauncher     1.0000    1.0000    1.0000         6
   Clawitzer     1.0000    0.8333    0.9091         6
     Claydol     1.0000    1.0000    1.0000         6
    Clefable     0.7692    1.0000    0.8696        10
    Clefairy     0.6667    0.2000    0.3077        10
      Cleffa     0.7000    0.8750    0.7778         8
   Clobbopus     0.5000    1.0000    0.6667         2
    Cloyster     0.7692    1.0000    0.8696        10
   Coalossal     1.0000    1.0000    1.0000         6
    Cobalion     0.5556    0.8333    0.6667         6
  Cofagrigus     1.0000    1.0000    1.0000         6
      Combee     0.8571    1.0000    0.9231         6
   Combusken     0.6000    1.0000    0.7500         6
      Comfey     1.0000    1.0000    1.0000         6
  Conkeldurr     0.8571    1.0000    0.9231         6
  Copperajah     0.6667    1.0000    0.8000         2
    Corphish     1.0000    1.0000    1.0000         6
     Corsola     1.0000    1.0000    1.0000        10
 Corviknight     0.8571    1.0000    0.9231         6
 Corvisquire     1.0000    1.0000    1.0000         4
     Cosmoem     0.7500    1.0000    0.8571         6
      Cosmog     1.0000    0.8333    0.9091         6
    Cottonee     0.5714    0.6667    0.6154         6
Crabominable     1.0000    1.0000    1.0000         6
  Crabrawler     1.0000    0.8333    0.9091         6
     Cradily     0.7500    1.0000    0.8571         6
   Cramorant     1.0000    0.8333    0.9091         6
    Cranidos     1.0000    1.0000    1.0000         6
   Crawdaunt     1.0000    1.0000    1.0000         6
   Cresselia     0.8571    1.0000    0.9231         6
    Croagunk     0.8571    1.0000    0.9231         6
      Crobat     1.0000    1.0000    1.0000         8
    Croconaw     1.0000    1.0000    1.0000         8
     Crustle     0.3750    1.0000    0.5455         6
   Cryogonal     1.0000    1.0000    1.0000         6
     Cubchoo     1.0000    1.0000    1.0000         6
      Cubone     1.0000    1.0000    1.0000        10
      Cufant     0.8000    1.0000    0.8889         4
     Cursola     0.6667    1.0000    0.8000         4
    Cutiefly     0.6667    1.0000    0.8000         6
   Cyndaquil     1.0000    1.0000    1.0000         8
     Darkrai     1.0000    1.0000    1.0000         6
  Darmanitan     0.7143    1.0000    0.8333        10
     Dartrix     0.7500    1.0000    0.8571         6
    Darumaka     0.8000    1.0000    0.8889         8
   Decidueye     0.8000    1.0000    0.8889         8
     Dedenne     0.6667    1.0000    0.8000         6
    Deerling     0.3158    1.0000    0.4800         6
       Deino     1.0000    1.0000    1.0000         6
    Delcatty     1.0000    0.8333    0.9091         6
    Delibird     0.8889    1.0000    0.9412         8
     Delphox     1.0000    1.0000    1.0000         6
      Deoxys     0.8333    0.8333    0.8333        12
     Dewgong     0.8182    0.9000    0.8571        10
      Dewott     0.8571    1.0000    0.9231         6
    Dewpider     0.7500    1.0000    0.8571         6
    Dhelmise     1.0000    1.0000    1.0000         2
      Dialga     0.6000    0.9000    0.7200        10
     Diancie     0.8182    0.7500    0.7826        12
   Diggersby     1.0000    0.8333    0.9091         6
     Diglett     0.8333    0.3571    0.5000        14
       Ditto     0.5833    0.7000    0.6364        10
      Dodrio     0.9091    1.0000    0.9524        10
       Doduo     1.0000    1.0000    1.0000         8
     Donphan     1.0000    0.5000    0.6667         8
     Dottler     0.5714    1.0000    0.7273         4
    Doublade     1.0000    1.0000    1.0000         6
   Dracovish     0.6667    1.0000    0.8000         2
   Dracozolt     1.0000    1.0000    1.0000         4
    Dragalge     0.8571    1.0000    0.9231         6
   Dragapult     1.0000    1.0000    1.0000         4
   Dragonair     1.0000    0.8000    0.8889        10
   Dragonite     0.6429    0.9000    0.7500        10
    Drakloak     1.0000    0.2500    0.4000         4
      Drampa     1.0000    1.0000    1.0000         2
     Drapion     1.0000    1.0000    1.0000         6
     Dratini     1.0000    1.0000    1.0000        10
     Drednaw     1.0000    1.0000    1.0000         6
      Dreepy     0.8000    1.0000    0.8889         4
    Drifblim     1.0000    1.0000    1.0000         6
    Drifloon     1.0000    1.0000    1.0000         6
     Drilbur     0.6000    1.0000    0.7500         6
    Drizzile     1.0000    1.0000    1.0000         4
     Drowzee     0.9091    1.0000    0.9524        10
   Druddigon     1.0000    1.0000    1.0000         6
     Dubwool     1.0000    1.0000    1.0000         4
    Ducklett     1.0000    1.0000    1.0000         6
     Dugtrio     0.7143    0.3571    0.4762        14
   Dunsparce     1.0000    1.0000    1.0000         8
     Duosion     0.0000    0.0000    0.0000         6
   Duraludon     1.0000    1.0000    1.0000         6
      Durant     1.0000    1.0000    1.0000         6
    Dusclops     0.6667    1.0000    0.8000         6
    Dusknoir     0.7500    1.0000    0.8571         6
     Duskull     0.7500    1.0000    0.8571         6
      Dustox     0.5000    1.0000    0.6667         6
     Dwebble     0.8333    0.8333    0.8333         6
   Eelektrik     0.8333    0.8333    0.8333         6
  Eelektross     0.7500    1.0000    0.8571         6
       Eevee     0.7500    0.7500    0.7500        12
      Eiscue     0.4444    1.0000    0.6154         4
       Ekans     1.0000    0.7000    0.8235        10
    Eldegoss     0.0000    0.0000    0.0000         2
  Electabuzz     0.7692    1.0000    0.8696        10
  Electivire     1.0000    1.0000    1.0000         6
   Electrike     0.8571    1.0000    0.9231         6
   Electrode     0.0000    0.0000    0.0000        10
      Elekid     1.0000    0.7500    0.8571         8
      Elgyem     1.0000    0.8333    0.9091         6
      Emboar     0.7500    1.0000    0.8571         6
      Emolga     0.6667    1.0000    0.8000         6
    Empoleon     1.0000    0.5000    0.6667         6
       Entei     0.8000    1.0000    0.8889         8
  Escavalier     1.0000    1.0000    1.0000         6
      Espeon     1.0000    1.0000    1.0000         8
      Espurr     0.5000    0.3333    0.4000         6
   Eternatus     1.0000    1.0000    1.0000         4
   Excadrill     1.0000    1.0000    1.0000         6
   Exeggcute     1.0000    0.9000    0.9474        10
   Exeggutor     1.0000    0.2500    0.4000         8
     Exploud     0.8571    1.0000    0.9231         6
     Falinks     1.0000    1.0000    1.0000         4
  Farfetch'd     0.7143    1.0000    0.8333        10
      Fearow     1.0000    1.0000    1.0000         8
      Feebas     1.0000    1.0000    1.0000         6
    Fennekin     1.0000    0.3333    0.5000         6
  Feraligatr     1.0000    0.8750    0.9333         8
   Ferroseed     1.0000    0.8333    0.9091         6
  Ferrothorn     1.0000    1.0000    1.0000         6
     Finneon     1.0000    0.8333    0.9091         6
     Flaaffy     1.0000    0.8750    0.9333         8
     Flabebe     1.0000    1.0000    1.0000         8
     Flapple     0.6667    0.6667    0.6667         6
     Flareon     1.0000    1.0000    1.0000        10
 Fletchinder     1.0000    1.0000    1.0000         6
  Fletchling     1.0000    0.6667    0.8000         6
    Floatzel     1.0000    0.8333    0.9091         6
     Floette     1.0000    1.0000    1.0000         6
     Florges     1.0000    1.0000    1.0000         6
      Flygon     0.8571    1.0000    0.9231         6
    Fomantis     1.0000    1.0000    1.0000         6
     Foongus     0.6000    1.0000    0.7500         6
  Forretress     0.4375    0.8750    0.5833         8
     Fraxure     0.7500    1.0000    0.8571         6
    Frillish     1.0000    1.0000    1.0000        10
     Froakie     1.0000    1.0000    1.0000         6
   Frogadier     1.0000    0.8333    0.9091         6
    Froslass     1.0000    1.0000    1.0000         6
    Frosmoth     1.0000    1.0000    1.0000         4
     Furfrou     1.0000    0.7857    0.8800        14
      Furret     1.0000    1.0000    1.0000         8
      Gabite     1.0000    1.0000    1.0000         6
     Gallade     1.0000    0.9000    0.9474        10
  Galvantula     1.0000    0.6667    0.8000         6
    Garbodor     0.8889    1.0000    0.9412         8
    Garchomp     0.9091    1.0000    0.9524        10
   Gardevoir     1.0000    1.0000    1.0000        10
      Gastly     1.0000    0.8750    0.9333         8
   Gastrodon     1.0000    1.0000    1.0000        10
    Genesect     1.0000    1.0000    1.0000         6
      Gengar     0.3125    0.3571    0.3333        14
     Geodude     1.0000    0.5714    0.7273        14
       Gible     1.0000    1.0000    1.0000         6
    Gigalith     1.0000    1.0000    1.0000         6
   Girafarig     1.0000    0.6250    0.7692         8
    Giratina     1.0000    0.7000    0.8235        10
     Glaceon     1.0000    1.0000    1.0000         6
      Glalie     0.8333    1.0000    0.9091        10
     Glameow     1.0000    1.0000    1.0000         4
   Glastrier     1.0000    1.0000    1.0000         2
      Gligar     0.8889    1.0000    0.9412         8
     Gliscor     1.0000    0.3333    0.5000         6
       Gloom     0.9091    1.0000    0.9524        10
      Gogoat     1.0000    1.0000    1.0000         6
      Golbat     1.0000    1.0000    1.0000         8
     Goldeen     0.8889    1.0000    0.9412         8
     Golduck     0.9091    1.0000    0.9524        10
       Golem     0.8667    0.9286    0.8966        14
      Golett     0.7500    1.0000    0.8571         6
   Golisopod     0.7500    1.0000    0.8571         6
      Golurk     1.0000    0.6667    0.8000         6
      Goodra     1.0000    1.0000    1.0000         6
       Goomy     1.0000    0.6667    0.8000         6
    Gorebyss     1.0000    1.0000    1.0000         6
  Gossifleur     1.0000    1.0000    1.0000         4
     Gothita     1.0000    1.0000    1.0000         6
  Gothitelle     1.0000    1.0000    1.0000         6
   Gothorita     1.0000    1.0000    1.0000         6
   Gourgeist     1.0000    1.0000    1.0000        10
    Granbull     1.0000    0.5000    0.6667         8
   Grapploct     1.0000    1.0000    1.0000         4
    Graveler     1.0000    1.0000    1.0000        14
    Greedent     0.2353    1.0000    0.3810         4
    Greninja     1.0000    1.0000    1.0000        10
      Grimer     0.8889    0.5714    0.6957        14
  Grimmsnarl     1.0000    1.0000    1.0000         6
     Grookey     1.0000    0.8333    0.9091         6
      Grotle     1.0000    1.0000    1.0000         6
     Groudon     1.0000    0.8333    0.9091        12
     Grovyle     1.0000    1.0000    1.0000         6
   Growlithe     0.8000    0.8000    0.8000        10
     Grubbin     0.8571    1.0000    0.9231         6
     Grumpig     0.8571    1.0000    0.9231         6
      Gulpin     1.0000    1.0000    1.0000         6
    Gumshoos     1.0000    1.0000    1.0000         6
     Gurdurr     1.0000    0.5000    0.6667         6
    Guzzlord     0.7500    1.0000    0.8571         6
    Gyarados     0.9231    1.0000    0.9600        12
    Hakamo-o     1.0000    1.0000    1.0000         6
     Happiny     1.0000    0.8333    0.9091         6
    Hariyama     0.8571    1.0000    0.9231         6
     Hatenna     1.0000    1.0000    1.0000         4
   Hatterene     1.0000    0.8333    0.9091         6
     Hattrem     0.8000    1.0000    0.8889         4
     Haunter     1.0000    1.0000    1.0000         6
    Hawlucha     0.8571    1.0000    0.9231         6
     Haxorus     0.7500    1.0000    0.8571         6
     Heatmor     1.0000    1.0000    1.0000         6
     Heatran     1.0000    1.0000    1.0000         8
   Heliolisk     1.0000    1.0000    1.0000         6
  Helioptile     0.8000    1.0000    0.8889         4
   Heracross     0.7273    1.0000    0.8421         8
     Herdier     1.0000    1.0000    1.0000         6
  Hippopotas     1.0000    1.0000    1.0000         6
   Hippowdon     1.0000    1.0000    1.0000         6
  Hitmonchan     1.0000    1.0000    1.0000        10
   Hitmonlee     0.8182    0.9000    0.8571        10
   Hitmontop     1.0000    0.8750    0.9333         8
       Ho-oh     0.7500    0.9000    0.8182        10
   Honchkrow     0.8571    1.0000    0.9231         6
     Honedge     0.6667    1.0000    0.8000         2
       Hoopa     0.8000    1.0000    0.8889         4
    Hoothoot     0.8000    0.5000    0.6154         8
      Hoppip     1.0000    1.0000    1.0000         8
      Horsea     0.9091    1.0000    0.9524        10
    Houndoom     1.0000    0.0833    0.1538        12
    Houndour     1.0000    0.5000    0.6667         4
     Huntail     1.0000    1.0000    1.0000         4
   Hydreigon     0.0000    0.0000    0.0000         6
       Hypno     0.8333    1.0000    0.9091        10
   Igglybuff     0.6250    0.6250    0.6250         8
    Illumise     1.0000    1.0000    1.0000         6
    Impidimp     1.0000    1.0000    1.0000         4
  Incineroar     1.0000    1.0000    1.0000         6
    Indeedee     1.0000    1.0000    1.0000         4
   Infernape     1.0000    1.0000    1.0000         6
       Inkay     1.0000    1.0000    1.0000         6
    Inteleon     1.0000    1.0000    1.0000         2
     Ivysaur     0.8182    0.9000    0.8571        10
    Jangmo-o     1.0000    0.8333    0.9091         6
   Jellicent     1.0000    0.6000    0.7500        10
  Jigglypuff     0.7692    1.0000    0.8696        10
     Jirachi     1.0000    1.0000    1.0000         6
     Jolteon     0.8333    1.0000    0.9091        10
      Joltik     1.0000    1.0000    1.0000         6
    Jumpluff     0.8571    1.0000    0.9231         6
        Jynx     1.0000    1.0000    1.0000         4
      Kabuto     0.6667    0.4000    0.5000        10
    Kabutops     0.9091    1.0000    0.9524        10
     Kadabra     0.5263    1.0000    0.6897        10
      Kakuna     1.0000    0.7000    0.8235        10
  Kangaskhan     1.0000    0.7500    0.8571        12
  Karrablast     0.8333    0.8333    0.8333         6
     Kartana     0.6000    1.0000    0.7500         6
     Kecleon     0.8571    1.0000    0.9231         6
      Keldeo     1.0000    0.6250    0.7692         8
     Kingdra     1.0000    0.8750    0.9333         8
     Kingler     1.0000    1.0000    1.0000         4
      Kirlia     0.6250    0.8333    0.7143         6
       Klang     1.0000    0.1667    0.2857         6
      Klefki     1.0000    1.0000    1.0000         6
       Klink     1.0000    0.6667    0.8000         6
   Klinklang     1.0000    1.0000    1.0000         4
     Koffing     0.6667    0.7500    0.7059         8
      Komala     1.0000    1.0000    1.0000         6
     Kommo-o     1.0000    1.0000    1.0000         6
      Krabby     1.0000    0.9000    0.9474        10
   Kricketot     1.0000    0.6667    0.8000         6
  Kricketune     1.0000    1.0000    1.0000         6
    Krokorok     0.8571    1.0000    0.9231         6
  Krookodile     1.0000    1.0000    1.0000         4
       Kubfu     1.0000    1.0000    1.0000         4
      Kyogre     0.8571    1.0000    0.9231        12
      Kyurem     1.0000    0.6000    0.7500        10
      Lairon     1.0000    1.0000    1.0000         6
     Lampent     1.0000    0.6667    0.8000         6
    Landorus     0.8889    1.0000    0.9412         8
     Lanturn     1.0000    0.6250    0.7692         8
      Lapras     0.8000    0.4000    0.5333        10
    Larvesta     1.0000    0.8333    0.9091         6
    Larvitar     1.0000    0.5000    0.6667         8
      Latias     1.0000    0.5000    0.6667        12
      Latios     1.0000    0.1667    0.2857        12
     Leafeon     1.0000    1.0000    1.0000         6
    Leavanny     0.8333    0.8333    0.8333         6
      Ledian     0.8571    0.7500    0.8000         8
      Ledyba     0.8889    1.0000    0.9412         8
  Lickilicky     0.5000    0.6667    0.5714         6
   Lickitung     0.7500    0.6000    0.6667        10
     Liepard     0.8571    1.0000    0.9231         6
      Lileep     1.0000    1.0000    1.0000         6
   Lilligant     1.0000    1.0000    1.0000         6
    Lillipup     0.5000    1.0000    0.6667         6
     Linoone     0.6154    1.0000    0.7619         8
      Litleo     1.0000    1.0000    1.0000         6
      Litten     0.5000    1.0000    0.6667         8
     Litwick     0.3333    1.0000    0.5000         6
      Lombre     0.8571    1.0000    0.9231         6
     Lopunny     1.0000    1.0000    1.0000         8
       Lotad     0.7500    1.0000    0.8571         6
     Loudred     0.7500    1.0000    0.8571         6
     Lucario     0.8000    1.0000    0.8889         8
    Ludicolo     0.7500    1.0000    0.8571         6
       Lugia     0.8000    1.0000    0.8889         8
    Lumineon     0.6667    1.0000    0.8000         6
      Lunala     0.8889    1.0000    0.9412         8
    Lunatone     0.7143    0.8333    0.7692         6
    Lurantis     0.7500    1.0000    0.8571         6
     Luvdisc     0.4000    1.0000    0.5714         6
       Luxio     0.8571    1.0000    0.9231         6
      Luxray     1.0000    1.0000    1.0000         6
    Lycanroc     1.0000    0.6667    0.8000        12
     Machamp     1.0000    1.0000    1.0000        12
     Machoke     1.0000    1.0000    1.0000        10
      Machop     1.0000    0.7000    0.8235        10
       Magby     0.6000    0.7500    0.6667         8
    Magcargo     1.0000    0.7500    0.8571         8
    Magearna     0.5000    1.0000    0.6667         6
    Magikarp     1.0000    0.8000    0.8889        10
      Magmar     1.0000    0.3000    0.4615        10
   Magmortar     1.0000    0.6667    0.8000         6
   Magnemite     0.6667    0.2000    0.3077        10
    Magneton     1.0000    0.6250    0.7692         8
   Magnezone     1.0000    1.0000    1.0000         6
    Makuhita     1.0000    1.0000    1.0000         6
     Malamar     1.0000    1.0000    1.0000         6
   Mamoswine     0.8571    1.0000    0.9231         6
     Manaphy     1.0000    1.0000    1.0000         6
   Mandibuzz     0.8571    1.0000    0.9231         6
   Manectric     0.9091    1.0000    0.9524        10
      Mankey     1.0000    1.0000    1.0000        10
     Mantine     0.6667    0.5000    0.5714         8
     Mantyke     1.0000    1.0000    1.0000         6
    Maractus     1.0000    1.0000    1.0000         6
    Mareanie     0.7500    1.0000    0.8571         6
      Mareep     1.0000    1.0000    1.0000         8
      Marill     1.0000    1.0000    1.0000         8
     Marowak     1.0000    1.0000    1.0000        14
   Marshadow     1.0000    1.0000    1.0000         8
   Marshtomp     0.6667    1.0000    0.8000         6
  Masquerain     1.0000    0.8333    0.9091         6
      Mawile     1.0000    0.9000    0.9474        10
    Medicham     0.7500    0.9000    0.8182        10
    Meditite     1.0000    1.0000    1.0000         6
    Meganium     1.0000    0.8750    0.9333         8
    Melmetal     1.0000    1.0000    1.0000         4
    Meloetta     1.0000    0.6667    0.8000         6
      Meltan     1.0000    1.0000    1.0000         2
    Meowstic     1.0000    1.0000    1.0000         8
      Meowth     1.0000    0.5000    0.6667        10
     Mesprit     0.8000    1.0000    0.8889         4
   Metagross     0.9091    0.7143    0.8000        14
      Metang     1.0000    0.8333    0.9091         6
     Metapod     1.0000    0.3000    0.4615        10
         Mew     0.8000    0.4000    0.5333        10
      Mewtwo     0.9231    0.8571    0.8889        14
     Mienfoo     1.0000    0.8333    0.9091         6
    Mienshao     1.0000    0.3333    0.5000         6
   Mightyena     1.0000    1.0000    1.0000         6
     Milcery     1.0000    1.0000    1.0000         4
     Milotic     1.0000    0.7500    0.8571         4
     Miltank     1.0000    1.0000    1.0000         8
     Mime Jr     1.0000    1.0000    1.0000         4
     Mimikyu     1.0000    1.0000    1.0000         8
    Minccino     1.0000    0.8333    0.9091         6
      Minior     1.0000    0.8000    0.8889        10
       Minun     1.0000    0.1667    0.2857         6
  Misdreavus     1.0000    0.7500    0.8571         8
   Mismagius     0.8571    1.0000    0.9231         6
     Moltres     0.9167    0.9167    0.9167        12
    Monferno     1.0000    1.0000    1.0000         6
    Morelull     0.7143    0.8333    0.7692         6
     Morgrem     0.6667    1.0000    0.8000         4
     Morpeko     1.0000    1.0000    1.0000         4
      Mothim     1.0000    0.5000    0.6667         6
    Mr. Mime     1.0000    0.5000    0.6667        10
    Mr. Rime     1.0000    1.0000    1.0000         2
     Mudbray     0.6000    1.0000    0.7500         6
      Mudkip     0.8889    0.8000    0.8421        10
    Mudsdale     1.0000    1.0000    1.0000         6
         Muk     1.0000    0.7143    0.8333        14
    Munchlax     1.0000    1.0000    1.0000         6
       Munna     0.0000    0.0000    0.0000         6
     Murkrow     0.8333    0.6250    0.7143         8
    Musharna     1.0000    0.8333    0.9091         6
   Naganadel     0.8333    0.8333    0.8333         6
        Natu     1.0000    1.0000    1.0000         8
    Necrozma     1.0000    1.0000    1.0000         6
      Nickit     1.0000    1.0000    1.0000         4
    Nidoking     0.8333    1.0000    0.9091        10
   Nidoqueen     0.9091    1.0000    0.9524        10
   Nidoran-f     0.7143    1.0000    0.8333        10
   Nidoran-m     0.6923    0.9000    0.7826        10
    Nidorina     0.6154    0.8000    0.6957        10
    Nidorino     0.6250    1.0000    0.7692        10
    Nihilego     0.8000    1.0000    0.8889         4
     Nincada     0.6000    1.0000    0.7500         6
   Ninetales     1.0000    0.5714    0.7273        14
     Ninjask     0.6667    1.0000    0.8000         6
     Noctowl     1.0000    0.8750    0.9333         8
      Noibat     1.0000    1.0000    1.0000         6
     Noivern     1.0000    0.8333    0.9091         6
    Nosepass     0.5455    1.0000    0.7059         6
       Numel     1.0000    1.0000    1.0000         6
     Nuzleaf     1.0000    1.0000    1.0000         6
   Obstagoon     1.0000    1.0000    1.0000         6
   Octillery     1.0000    1.0000    1.0000         8
      Oddish     0.8333    1.0000    0.9091        10
     Omanyte     0.1667    0.7000    0.2692        10
     Omastar     1.0000    0.9000    0.9474        10
        Onix     1.0000    1.0000    1.0000         8
    Oranguru     0.8571    1.0000    0.9231         6
    Orbeetle     1.0000    1.0000    1.0000         4
    Oricorio     1.0000    0.7500    0.8571        12
    Oshawott     1.0000    1.0000    1.0000         8
   Pachirisu     1.0000    1.0000    1.0000         6
      Palkia     0.8333    1.0000    0.9091        10
   Palossand     1.0000    1.0000    1.0000         6
   Palpitoad     1.0000    0.6667    0.8000         6
     Pancham     1.0000    0.6667    0.8000         6
     Pangoro     1.0000    1.0000    1.0000         6
     Panpour     1.0000    0.7500    0.8571         4
     Pansage     1.0000    1.0000    1.0000         4
     Pansear     1.0000    1.0000    1.0000         6
       Paras     1.0000    0.8750    0.9333         8
    Parasect     1.0000    0.9000    0.9474        10
   Passimian     1.0000    0.8333    0.9091         6
      Patrat     1.0000    1.0000    1.0000         6
    Pawniard     0.5714    0.6667    0.6154         6
    Pelipper     1.0000    1.0000    1.0000         6
  Perrserker     1.0000    1.0000    1.0000         4
     Persian     0.8750    1.0000    0.9333        14
     Petilil     0.8571    1.0000    0.9231         6
      Phanpy     0.8000    1.0000    0.8889         8
    Phantump     1.0000    1.0000    1.0000         6
   Pheromosa     0.5000    1.0000    0.6667         2
      Phione     0.6000    1.0000    0.7500         6
       Pichu     1.0000    0.7500    0.8571         8
     Pidgeot     0.7500    0.8571    0.8000        14
   Pidgeotto     1.0000    1.0000    1.0000        10
      Pidgey     1.0000    0.7500    0.8571         8
      Pidove     1.0000    1.0000    1.0000         6
     Pignite     0.7500    1.0000    0.8571         6
     Pikachu     1.0000    1.0000    1.0000         6
     Pikipek     1.0000    1.0000    1.0000         6
   Piloswine     0.5000    0.5000    0.5000         8
  Pincurchin     1.0000    1.0000    1.0000         4
      Pineco     1.0000    0.7500    0.8571         8
      Pinsir     1.0000    0.9167    0.9565        12
      Piplup     1.0000    0.2500    0.4000         8
      Plusle     0.7500    1.0000    0.8571         6
     Poipole     1.0000    1.0000    1.0000         8
    Politoed     1.0000    1.0000    1.0000         8
     Poliwag     0.9000    0.9000    0.9000        10
   Poliwhirl     1.0000    1.0000    1.0000        10
   Poliwrath     1.0000    0.5000    0.6667         8
 Polteageist     0.6667    1.0000    0.8000         4
      Ponyta     1.0000    0.9167    0.9565        12
   Poochyena     0.6000    1.0000    0.7500         6
     Popplio     1.0000    0.8000    0.8889        10
     Porygon     1.0000    1.0000    1.0000        10
   Porygon-Z     0.8000    1.0000    0.8889         4
    Porygon2     0.8889    1.0000    0.9412         8
   Primarina     1.0000    1.0000    1.0000         6
    Primeape     0.8889    0.8000    0.8421        10
    Prinplup     0.6667    1.0000    0.8000         6
   Probopass     1.0000    1.0000    1.0000         6
     Psyduck     0.5000    0.2000    0.2857        10
   Pumpkaboo     1.0000    0.8000    0.8889        10
     Pupitar     0.8000    1.0000    0.8889         8
    Purrloin     1.0000    1.0000    1.0000         6
     Purugly     1.0000    1.0000    1.0000         6
      Pyroar     1.0000    0.8750    0.9333         8
   Pyukumuku     1.0000    0.6667    0.8000         6
    Quagsire     0.8750    0.8750    0.8750         8
     Quilava     0.8000    1.0000    0.8889         8
   Quilladin     1.0000    0.6667    0.8000         6
    Qwilfish     1.0000    0.8750    0.9333         8
      Raboot     1.0000    1.0000    1.0000         4
      Raichu     0.8750    1.0000    0.9333        14
      Raikou     0.7273    0.8000    0.7619        10
       Ralts     1.0000    1.0000    1.0000         6
   Rampardos     1.0000    1.0000    1.0000         6
    Rapidash     0.6875    0.9167    0.7857        12
    Raticate     0.9231    0.8571    0.8889        14
     Rattata     0.7000    1.0000    0.8235        14
    Rayquaza     0.8750    0.8750    0.8750         8
      Regice     1.0000    0.8333    0.9091         6
   Regidrago     0.8000    1.0000    0.8889         4
   Regieleki     1.0000    0.5000    0.6667         4
   Regigigas     1.0000    0.7500    0.8571         8
    Regirock     0.7500    1.0000    0.8571         6
   Registeel     0.6667    1.0000    0.8000         6
   Relicanth     0.8571    1.0000    0.9231         6
    Remoraid     0.7778    0.8750    0.8235         8
    Reshiram     1.0000    1.0000    1.0000        10
   Reuniclus     1.0000    1.0000    1.0000         6
      Rhydon     1.0000    1.0000    1.0000        10
     Rhyhorn     0.5333    1.0000    0.6957         8
   Rhyperior     1.0000    1.0000    1.0000         6
    Ribombee     1.0000    1.0000    1.0000         6
   Rillaboom     1.0000    1.0000    1.0000         4
       Riolu     0.7143    0.8333    0.7692         6
    Rockruff     0.8333    1.0000    0.9091        10
  Roggenrola     0.7500    1.0000    0.8571         6
    Rolycoly     0.4286    1.0000    0.6000         6
    Rookidee     1.0000    1.0000    1.0000         4
     Roselia     1.0000    1.0000    1.0000         6
    Roserade     0.6667    0.6667    0.6667         6
       Rotom     0.9231    1.0000    0.9600        12
      Rowlet     1.0000    0.5000    0.6667         8
     Rufflet     1.0000    1.0000    1.0000         6
   Runerigus     1.0000    1.0000    1.0000         4
     Sableye     0.7692    1.0000    0.8696        10
   Salamence     0.7143    1.0000    0.8333        10
    Salandit     1.0000    0.6667    0.8000         6
    Salazzle     1.0000    0.5000    0.6667         6
    Samurott     1.0000    0.6667    0.8000         6
  Sandaconda     0.1905    1.0000    0.3200         4
     Sandile     1.0000    1.0000    1.0000         6
   Sandshrew     0.8571    0.8571    0.8571        14
   Sandslash     1.0000    0.8750    0.9333         8
   Sandygast     1.0000    1.0000    1.0000         6
        Sawk     1.0000    1.0000    1.0000         6
    Sawsbuck     1.0000    0.5714    0.7273        14
  Scatterbug     1.0000    1.0000    1.0000         6
    Sceptile     0.5714    0.5000    0.5333         8
      Scizor     0.8889    0.6667    0.7619        12
   Scolipede     1.0000    0.8333    0.9091         6
   Scorbunny     0.7500    1.0000    0.8571         6
     Scrafty     0.6667    1.0000    0.8000         6
     Scraggy     1.0000    1.0000    1.0000         6
     Scyther     1.0000    1.0000    1.0000         8
      Seadra     1.0000    1.0000    1.0000        10
     Seaking     1.0000    0.8000    0.8889        10
      Sealeo     1.0000    1.0000    1.0000         6
      Seedot     0.4000    0.3333    0.3636         6
        Seel     0.9091    1.0000    0.9524        10
  Seismitoad     0.8571    1.0000    0.9231         6
     Sentret     0.8889    1.0000    0.9412         8
   Serperior     1.0000    1.0000    1.0000         6
     Servine     1.0000    1.0000    1.0000         6
     Seviper     1.0000    1.0000    1.0000         6
    Sewaddle     1.0000    1.0000    1.0000         6
    Sharpedo     0.8182    0.9000    0.8571        10
     Shaymin     0.5333    1.0000    0.6957         8
    Shedinja     1.0000    1.0000    1.0000         6
     Shelgon     1.0000    1.0000    1.0000         6
    Shellder     1.0000    0.8000    0.8889        10
     Shellos     1.0000    0.9000    0.9474        10
     Shelmet     0.6667    1.0000    0.8000         6
    Shieldon     1.0000    0.3333    0.5000         6
     Shiftry     0.7500    1.0000    0.8571         6
   Shiinotic     1.0000    0.8333    0.9091         6
       Shinx     1.0000    1.0000    1.0000         6
   Shroomish     0.6667    1.0000    0.8000         6
     Shuckle     1.0000    0.6250    0.7692         8
     Shuppet     0.5714    0.6667    0.6154         6
    Sigilyph     0.2857    1.0000    0.4444         6
     Silcoon     1.0000    0.3333    0.5000         6
   Silicobra     1.0000    1.0000    1.0000         4
    Silvally     1.0000    0.6667    0.8000        12
    Simipour     1.0000    1.0000    1.0000         6
    Simisage     0.8571    1.0000    0.9231         6
    Simisear     1.0000    1.0000    1.0000         6
    Sinistea     1.0000    1.0000    1.0000         2
  Sirfetch'd     0.5000    1.0000    0.6667         4
  Sizzlipede     1.0000    1.0000    1.0000         4
    Skarmory     0.7778    0.8750    0.8235         8
      Skiddo     1.0000    0.6667    0.8000         6
    Skiploom     1.0000    0.5000    0.6667         8
      Skitty     1.0000    1.0000    1.0000         6
     Skorupi     1.0000    1.0000    1.0000         6
      Skrelp     1.0000    0.8333    0.9091         6
    Skuntank     1.0000    0.8333    0.9091         6
     Skwovet     1.0000    1.0000    1.0000         4
     Slaking     0.0000    0.0000    0.0000         6
     Slakoth     1.0000    0.6667    0.8000         6
     Sliggoo     1.0000    1.0000    1.0000         6
     Slowbro     0.8571    1.0000    0.9231        12
    Slowking     1.0000    1.0000    1.0000         8
    Slowpoke     0.8000    0.6667    0.7273        12
      Slugma     0.8889    1.0000    0.9412         8
    Slurpuff     1.0000    1.0000    1.0000         6
    Smeargle     1.0000    1.0000    1.0000         8
    Smoochum     0.8571    0.7500    0.8000         8
     Sneasel     1.0000    0.6250    0.7692         8
       Snivy     1.0000    1.0000    1.0000         6
        Snom     0.0000    0.0000    0.0000         4
     Snorlax     0.0000    0.0000    0.0000        10
     Snorunt     1.0000    0.6667    0.8000         6
      Snover     1.0000    0.6667    0.8000         6
    Snubbull     1.0000    0.7500    0.8571         8
      Sobble     1.0000    1.0000    1.0000         4
    Solgaleo     1.0000    1.0000    1.0000         6
     Solosis     0.0000    0.0000    0.0000         6
     Solrock     1.0000    0.6667    0.8000         6
     Spearow     1.0000    1.0000    1.0000        10
   Spectrier     0.5000    1.0000    0.6667         4
      Spewpa     1.0000    0.1667    0.2857         6
      Spheal     0.0000    0.0000    0.0000         6
    Spinarak     1.0000    1.0000    1.0000         8
      Spinda     1.0000    0.8333    0.9091         6
   Spiritomb     0.0000    0.0000    0.0000         6
      Spoink     0.8000    0.6667    0.7273         6
    Spritzee     1.0000    1.0000    1.0000         6
    Squirtle     1.0000    0.8750    0.9333         8
   Stakataka     1.0000    1.0000    1.0000         6
    Stantler     0.6667    1.0000    0.8000         8
   Staraptor     1.0000    1.0000    1.0000         6
    Staravia     0.8571    1.0000    0.9231         6
      Starly     0.8000    0.6667    0.7273         6
     Starmie     0.8333    1.0000    0.9091        10
      Staryu     0.9091    1.0000    0.9524        10
     Steelix     1.0000    0.9000    0.9474        10
     Steenee     0.6000    1.0000    0.7500         6
 Stonjourner     1.0000    0.5000    0.6667         4
   Stoutland     0.7500    1.0000    0.8571         6
     Stufful     0.8889    1.0000    0.9412         8
    Stunfisk     1.0000    0.8750    0.9333         8
      Stunky     1.0000    1.0000    1.0000         6
   Sudowoodo     1.0000    1.0000    1.0000         8
     Suicune     1.0000    1.0000    1.0000         6
    Sunflora     0.8889    1.0000    0.9412         8
     Sunkern     1.0000    1.0000    1.0000         8
     Surskit     0.4000    1.0000    0.5714         6
      Swablu     0.3333    0.5000    0.4000         4
    Swadloon     0.5000    1.0000    0.6667         6
      Swalot     0.5714    0.6667    0.6154         6
    Swampert     0.7273    0.8000    0.7619        10
      Swanna     1.0000    0.8333    0.9091         6
     Swellow     1.0000    0.3333    0.5000         6
      Swinub     1.0000    0.5000    0.6667         8
     Swirlix     0.8333    0.6250    0.7143         8
     Swoobat     1.0000    1.0000    1.0000         6
     Sylveon     0.8571    1.0000    0.9231         6
     Taillow     0.4615    1.0000    0.6316         6
  Talonflame     0.3333    0.1667    0.2222         6
     Tangela     0.7143    0.6250    0.6667         8
   Tangrowth     1.0000    1.0000    1.0000         6
   Tapu Bulu     0.3333    1.0000    0.5000         4
   Tapu Fini     0.6000    0.7500    0.6667         4
   Tapu Koko     0.6667    0.5000    0.5714         4
   Tapu Lele     0.6667    1.0000    0.8000         4
      Tauros     1.0000    1.0000    1.0000        10
   Teddiursa     1.0000    1.0000    1.0000         8
   Tentacool     1.0000    1.0000    1.0000        10
  Tentacruel     1.0000    0.6250    0.7692         8
       Tepig     0.8889    1.0000    0.9412         8
   Terrakion     1.0000    1.0000    1.0000         6
     Thievul     1.0000    1.0000    1.0000         4
       Throh     1.0000    1.0000    1.0000         6
   Thundurus     1.0000    0.7000    0.8235        10
    Thwackey     1.0000    1.0000    1.0000         4
     Timburr     1.0000    1.0000    1.0000         6
    Tirtouga     0.8571    1.0000    0.9231         6
  Togedemaru     0.8571    1.0000    0.9231         6
    Togekiss     1.0000    1.0000    1.0000         6
      Togepi     1.0000    0.8750    0.9333         8
     Togetic     1.0000    0.8750    0.9333         8
     Torchic     1.0000    0.6000    0.7500        10
     Torkoal     0.8571    1.0000    0.9231         6
    Tornadus     0.9091    1.0000    0.9524        10
    Torracat     0.8571    0.7500    0.8000         8
    Torterra     0.6667    1.0000    0.8000         6
    Totodile     1.0000    1.0000    1.0000         8
   Toucannon     1.0000    0.8333    0.9091         6
     Toxapex     1.0000    1.0000    1.0000         6
       Toxel     1.0000    1.0000    1.0000         4
   Toxicroak     1.0000    1.0000    1.0000         6
  Toxtricity     0.8000    1.0000    0.8889         4
   Tranquill     0.8333    0.8333    0.8333         6
    Trapinch     0.3125    0.8333    0.4545         6
     Treecko     0.8333    1.0000    0.9091        10
   Trevenant     1.0000    0.8333    0.9091         6
     Tropius     1.0000    1.0000    1.0000         6
    Trubbish     1.0000    0.8333    0.9091         6
    Trumbeak     1.0000    1.0000    1.0000         6
    Tsareena     1.0000    1.0000    1.0000         6
  Turtonator     1.0000    1.0000    1.0000         6
     Turtwig     1.0000    0.2500    0.4000         8
     Tympole     0.7143    0.8333    0.7692         6
      Tynamo     1.0000    0.5000    0.6667         6
   Type Null     1.0000    1.0000    1.0000         4
  Typhlosion     1.0000    1.0000    1.0000         8
   Tyranitar     0.9091    0.8333    0.8696        12
   Tyrantrum     0.8571    1.0000    0.9231         6
     Tyrogue     1.0000    0.6250    0.7692         8
      Tyrunt     0.8571    1.0000    0.9231         6
     Umbreon     1.0000    1.0000    1.0000         8
    Unfezant     1.0000    1.0000    1.0000         8
       Unown     1.0000    0.5714    0.7273        14
    Ursaring     1.0000    1.0000    1.0000         8
     Urshifu     1.0000    1.0000    1.0000         8
        Uxie     1.0000    1.0000    1.0000         6
   Vanillish     0.8571    1.0000    0.9231         6
   Vanillite     0.8571    1.0000    0.9231         6
   Vanilluxe     1.0000    1.0000    1.0000         6
    Vaporeon     1.0000    1.0000    1.0000         8
    Venipede     1.0000    1.0000    1.0000         6
    Venomoth     1.0000    0.8000    0.8889        10
     Venonat     1.0000    0.9000    0.9474        10
    Venusaur     1.0000    0.4444    0.6154        18
   Vespiquen     1.0000    0.1667    0.2857         6
     Vibrava     1.0000    1.0000    1.0000         6
     Victini     0.8571    1.0000    0.9231         6
  Victreebel     0.7143    0.6250    0.6667         8
    Vigoroth     1.0000    1.0000    1.0000         6
    Vikavolt     1.0000    1.0000    1.0000         6
   Vileplume     1.0000    0.7000    0.8235        10
    Virizion     1.0000    0.3333    0.5000         6
    Vivillon     1.0000    1.0000    1.0000        14
     Volbeat     0.7500    1.0000    0.8571         6
   Volcanion     1.0000    1.0000    1.0000         6
   Volcarona     1.0000    1.0000    1.0000         6
     Voltorb     0.0000    0.0000    0.0000        10
     Vullaby     1.0000    0.6667    0.8000         6
      Vulpix     1.0000    0.8750    0.9333         8
     Wailmer     0.0000    0.0000    0.0000         6
     Wailord     1.0000    0.6667    0.8000         6
     Walrein     1.0000    1.0000    1.0000         6
   Wartortle     1.0000    0.1000    0.1818        10
     Watchog     0.7500    1.0000    0.8571         6
     Weavile     0.7500    1.0000    0.8571         6
      Weedle     0.8889    0.8000    0.8421        10
  Weepinbell     1.0000    0.8000    0.8889        10
     Weezing     1.0000    0.2500    0.4000         8
  Whimsicott     0.0000    0.0000    0.0000         6
  Whirlipede     1.0000    1.0000    1.0000         6
    Whiscash     0.6000    1.0000    0.7500         6
     Whismur     0.7500    1.0000    0.8571         6
  Wigglytuff     0.8000    0.8000    0.8000        10
      Wimpod     0.8571    1.0000    0.9231         6
     Wingull     1.0000    0.1667    0.2857         6
  Wishiwashi     1.0000    0.3750    0.5455         8
   Wobbuffet     0.8889    1.0000    0.9412         8
      Woobat     0.6250    0.8333    0.7143         6
      Wooloo     0.3529    1.0000    0.5217         6
      Wooper     1.0000    1.0000    1.0000         8
    Wormadam     0.7333    0.9167    0.8148        12
     Wurmple     1.0000    1.0000    1.0000         6
      Wynaut     1.0000    1.0000    1.0000         6
        Xatu     0.7778    0.8750    0.8235         8
     Xerneas     1.0000    0.7000    0.8235        10
   Xurkitree     0.4286    0.5000    0.4615         6
      Yamask     1.0000    0.7500    0.8571         8
      Yamper     1.0000    1.0000    1.0000         6
       Yanma     1.0000    0.6250    0.7692         8
     Yanmega     0.8333    0.8333    0.8333         6
     Yungoos     0.5000    1.0000    0.6667         6
     Yveltal     1.0000    0.7500    0.8571        12
      Zacian     1.0000    1.0000    1.0000         8
   Zamazenta     1.0000    1.0000    1.0000         8
    Zangoose     1.0000    0.1667    0.2857         6
      Zapdos     1.0000    0.6429    0.7826        14
      Zarude     1.0000    1.0000    1.0000         2
   Zebstrika     0.8333    0.8333    0.8333         6
      Zekrom     1.0000    0.3000    0.4615        10
     Zeraora     1.0000    0.8333    0.9091         6
   Zigzagoon     1.0000    0.7500    0.8571         8
     Zoroark     0.6667    1.0000    0.8000         6
       Zorua     1.0000    0.8333    0.9091         6
       Zubat     1.0000    0.7000    0.8235        10
    Zweilous     1.0000    1.0000    1.0000         6
     Zygarde     1.0000    0.4167    0.5882        12

    accuracy                         0.8542      6394
   macro avg     0.8783    0.8694    0.8521      6394
weighted avg     0.8824    0.8542    0.8456      6394
