              precision    recall  f1-score   support

   Abomasnow     1.0000    1.0000    1.0000        10
        Abra     1.0000    0.9000    0.9474        10
       Absol     1.0000    0.6000    0.7500        10
    Accelgor     0.7143    0.8333    0.7692         6
   Aegislash     0.8889    1.0000    0.9412         8
  Aerodactyl     0.4444    0.5714    0.5000        14
      Aggron     0.9091    1.0000    0.9524        10
       Aipom     0.5333    1.0000    0.6957         8
    Alakazam     0.7333    0.7857    0.7586        14
    Alcremie     1.0000    1.0000    1.0000         6
   Alomomola     0.8571    1.0000    0.9231         6
     Altaria     0.6667    0.8000    0.7273        10
      Amaura     1.0000    1.0000    1.0000         6
     Ambipom     0.6667    1.0000    0.8000         6
   Amoonguss     0.8000    0.6667    0.7273         6
    Ampharos     0.7857    0.9167    0.8462        12
     Anorith     0.8571    1.0000    0.9231         6
    Appletun     1.0000    0.6667    0.8000         6
      Applin     1.0000    1.0000    1.0000         4
   Araquanid     1.0000    1.0000    1.0000         6
       Arbok     1.0000    0.4000    0.5714        10
    Arcanine     1.0000    0.7000    0.8235        10
      Arceus     0.6000    0.7500    0.6667         4
      Archen     1.0000    0.5000    0.6667         6
    Archeops     1.0000    0.6667    0.8000         6
   Arctovish     0.5714    1.0000    0.7273         4
   Arctozolt     0.6667    1.0000    0.8000         2
     Ariados     1.0000    1.0000    1.0000         4
     Armaldo     1.0000    1.0000    1.0000         6
  Aromatisse     0.5000    1.0000    0.6667         6
        Aron     1.0000    1.0000    1.0000         6
    Arrokuda     1.0000    1.0000    1.0000         4
    Articuno     1.0000    0.1667    0.2857        12
      Audino     1.0000    0.6250    0.7692         8
     Aurorus     0.7500    1.0000    0.8571         6
     Avalugg     1.0000    0.6667    0.8000         6
        Axew     1.0000    1.0000    1.0000         6
       Azelf     1.0000    1.0000    1.0000         6
   Azumarill     0.7500    0.7500    0.7500         8
     Azurill     0.3000    0.7500    0.4286         4
       Bagon     0.8000    0.6667    0.7273         6
      Baltoy     1.0000    1.0000    1.0000         6
     Banette     0.8333    1.0000    0.9091        10
  Barbaracle     0.0000    0.0000    0.0000         6
    Barboach     0.5000    1.0000    0.6667         6
 Barraskewda     0.0000    0.0000    0.0000         4
    Basculin     1.0000    0.7500    0.8571         8
   Bastiodon     0.5000    1.0000    0.6667         6
     Bayleef     0.6154    1.0000    0.7619         8
     Beartic     0.6667    0.6667    0.6667         6
   Beautifly     0.8571    1.0000    0.9231         6
    Beedrill     0.7143    1.0000    0.8333        10
    Beheeyem     1.0000    0.8333    0.9091         6
      Beldum     1.0000    0.7500    0.8571         8
   Bellossom     0.7778    0.8750    0.8235         8
  Bellsprout     0.8889    1.0000    0.9412         8
    Bergmite     1.0000    1.0000    1.0000         6
      Bewear     0.8000    0.6667    0.7273         6
     Bibarel     1.0000    0.6667    0.8000         6
      Bidoof     0.8000    0.6667    0.7273         6
     Binacle     0.0000    0.0000    0.0000         6
     Bisharp     0.7500    0.7500    0.7500         4
 Blacephalon     0.6667    1.0000    0.8000         2
   Blastoise     0.6667    0.6667    0.6667        12
    Blaziken     0.5833    0.7000    0.6364        10
     Blipbug     1.0000    1.0000    1.0000         4
     Blissey     0.0000    0.0000    0.0000         8
     Blitzle     0.8571    1.0000    0.9231         6
     Boldore     1.0000    1.0000    1.0000         6
     Boltund     1.0000    0.5000    0.6667         4
      Bonsly     1.0000    0.8333    0.9091         6
  Bouffalant     0.6000    0.5000    0.5455         6
   Bounsweet     1.0000    0.6667    0.8000         6
     Braixen     0.7500    1.0000    0.8571         6
    Braviary     1.0000    1.0000    1.0000         6
     Breloom     1.0000    0.8333    0.9091         6
     Brionne     0.7778    0.8750    0.8235         8
    Bronzong     1.0000    0.6667    0.8000         6
     Bronzor     0.0000    0.0000    0.0000         6
     Bruxish     0.5000    1.0000    0.6667         6
       Budew     1.0000    0.1667    0.2857         6
      Buizel     1.0000    0.6667    0.8000         6
   Bulbasaur     0.2500    0.1250    0.1667         8
     Buneary     1.0000    0.8333    0.9091         6
    Bunnelby     1.0000    0.3333    0.5000         6
       Burmy     0.0000    0.0000    0.0000        14
  Butterfree     0.7500    0.3750    0.5000         8
    Buzzwole     1.0000    0.5000    0.6667         6
      Cacnea     1.0000    1.0000    1.0000         6
    Cacturne     0.7500    1.0000    0.8571         6
     Calyrex     1.0000    1.0000    1.0000         8
    Camerupt     0.5625    0.9000    0.6923        10
     Carbink     0.7500    1.0000    0.8571         6
      Carkol     0.5000    0.2500    0.3333         4
   Carnivine     1.0000    1.0000    1.0000         6
  Carracosta     1.0000    1.0000    1.0000         4
    Carvanha     1.0000    0.3333    0.5000         6
     Cascoon     0.6667    0.6667    0.6667         6
    Castform     0.2500    0.2500    0.2500        12
    Caterpie     0.9091    1.0000    0.9524        10
      Celebi     0.5714    1.0000    0.7273         8
  Celesteela     0.2222    1.0000    0.3636         2
 Centiskorch     0.6000    1.0000    0.7500         6
  Chandelure     0.8000    1.0000    0.8889         4
     Chansey     0.7273    1.0000    0.8421         8
   Charizard     0.7333    0.9167    0.8148        12
   Charjabug     0.3636    0.6667    0.4706         6
  Charmander     1.0000    0.8000    0.8889        10
  Charmeleon     1.0000    0.8750    0.9333         8
      Chatot     0.6250    0.8333    0.7143         6
     Cherrim     0.4348    1.0000    0.6061        10
     Cherubi     0.4545    0.8333    0.5882         6
  Chesnaught     0.6667    1.0000    0.8000         6
     Chespin     1.0000    0.6667    0.8000         6
     Chewtle     1.0000    1.0000    1.0000         4
   Chikorita     1.0000    1.0000    1.0000         8
    Chimchar     0.5833    0.8750    0.7000         8
    Chimecho     1.0000    1.0000    1.0000         6
    Chinchou     1.0000    0.8750    0.9333         8
   Chingling     0.5000    1.0000    0.6667         6
    Cinccino     0.8571    1.0000    0.9231         6
   Cinderace     1.0000    1.0000    1.0000         2
    Clamperl     1.0000    1.0000    1.0000         6
   Clauncher     0.6000    1.0000    0.7500         6
   Clawitzer     0.7500    1.0000    0.8571         6
     Claydol     0.8571    1.0000    0.9231         6
    Clefable     1.0000    0.7000    0.8235        10
    Clefairy     0.5455    0.6000    0.5714        10
      Cleffa     1.0000    0.7500    0.8571         8
   Clobbopus     1.0000    1.0000    1.0000         2
    Cloyster     0.7692    1.0000    0.8696        10
   Coalossal     1.0000    1.0000    1.0000         6
    Cobalion     0.7500    1.0000    0.8571         6
  Cofagrigus     0.8000    0.6667    0.7273         6
      Combee     1.0000    1.0000    1.0000         6
   Combusken     0.6667    1.0000    0.8000         6
      Comfey     0.0000    0.0000    0.0000         6
  Conkeldurr     0.7143    0.8333    0.7692         6
  Copperajah     1.0000    1.0000    1.0000         2
    Corphish     0.6000    1.0000    0.7500         6
     Corsola     0.7273    0.8000    0.7619        10
 Corviknight     1.0000    1.0000    1.0000         6
 Corvisquire     0.4444    1.0000    0.6154         4
     Cosmoem     1.0000    0.6667    0.8000         6
      Cosmog     0.8571    1.0000    0.9231         6
    Cottonee     1.0000    0.6667    0.8000         6
Crabominable     1.0000    0.8333    0.9091         6
  Crabrawler     0.8571    1.0000    0.9231         6
     Cradily     0.8000    0.6667    0.7273         6
   Cramorant     1.0000    1.0000    1.0000         6
    Cranidos     0.8571    1.0000    0.9231         6
   Crawdaunt     0.6667    1.0000    0.8000         6
   Cresselia     0.6250    0.8333    0.7143         6
    Croagunk     0.1667    0.1667    0.1667         6
      Crobat     0.6667    1.0000    0.8000         8
    Croconaw     0.6364    0.8750    0.7368         8
     Crustle     0.4000    1.0000    0.5714         6
   Cryogonal     0.7500    1.0000    0.8571         6
     Cubchoo     1.0000    0.6667    0.8000         6
      Cubone     1.0000    0.7000    0.8235        10
      Cufant     0.8000    1.0000    0.8889         4
     Cursola     1.0000    1.0000    1.0000         4
    Cutiefly     0.8571    1.0000    0.9231         6
   Cyndaquil     1.0000    0.7500    0.8571         8
     Darkrai     1.0000    1.0000    1.0000         6
  Darmanitan     0.2857    0.6000    0.3871        10
     Dartrix     0.7500    0.5000    0.6000         6
    Darumaka     0.5833    0.8750    0.7000         8
   Decidueye     0.8000    1.0000    0.8889         8
     Dedenne     0.8571    1.0000    0.9231         6
    Deerling     0.4000    1.0000    0.5714         6
       Deino     0.6667    1.0000    0.8000         6
    Delcatty     0.8571    1.0000    0.9231         6
    Delibird     1.0000    0.5000    0.6667         8
     Delphox     1.0000    0.8333    0.9091         6
      Deoxys     0.5556    0.4167    0.4762        12
     Dewgong     1.0000    0.8000    0.8889        10
      Dewott     1.0000    1.0000    1.0000         6
    Dewpider     0.7500    1.0000    0.8571         6
    Dhelmise     1.0000    1.0000    1.0000         2
      Dialga     0.8571    0.6000    0.7059        10
     Diancie     0.8889    0.6667    0.7619        12
   Diggersby     0.0000    0.0000    0.0000         6
     Diglett     0.5714    0.2857    0.3810        14
       Ditto     0.4167    1.0000    0.5882        10
      Dodrio     0.6667    1.0000    0.8000        10
       Doduo     1.0000    1.0000    1.0000         8
     Donphan     0.3810    1.0000    0.5517         8
     Dottler     0.0000    0.0000    0.0000         4
    Doublade     0.8571    1.0000    0.9231         6
   Dracovish     0.5000    1.0000    0.6667         2
   Dracozolt     1.0000    1.0000    1.0000         4
    Dragalge     0.4000    1.0000    0.5714         6
   Dragapult     0.6667    0.5000    0.5714         4
   Dragonair     0.8750    0.7000    0.7778        10
   Dragonite     0.5625    0.9000    0.6923        10
    Drakloak     0.5714    1.0000    0.7273         4
      Drampa     1.0000    1.0000    1.0000         2
     Drapion     1.0000    0.8333    0.9091         6
     Dratini     1.0000    0.5000    0.6667        10
     Drednaw     0.8571    1.0000    0.9231         6
      Dreepy     0.8000    1.0000    0.8889         4
    Drifblim     1.0000    1.0000    1.0000         6
    Drifloon     0.6667    1.0000    0.8000         6
     Drilbur     0.8571    1.0000    0.9231         6
    Drizzile     0.8000    1.0000    0.8889         4
     Drowzee     0.6667    1.0000    0.8000        10
   Druddigon     0.7500    1.0000    0.8571         6
     Dubwool     1.0000    1.0000    1.0000         4
    Ducklett     1.0000    1.0000    1.0000         6
     Dugtrio     0.0000    0.0000    0.0000        14
   Dunsparce     1.0000    1.0000    1.0000         8
     Duosion     1.0000    0.5000    0.6667         6
   Duraludon     1.0000    1.0000    1.0000         6
      Durant     0.5000    0.1667    0.2500         6
    Dusclops     0.6667    1.0000    0.8000         6
    Dusknoir     1.0000    0.6667    0.8000         6
     Duskull     1.0000    0.3333    0.5000         6
      Dustox     1.0000    0.6667    0.8000         6
     Dwebble     0.0000    0.0000    0.0000         6
   Eelektrik     1.0000    1.0000    1.0000         6
  Eelektross     0.7500    1.0000    0.8571         6
       Eevee     1.0000    0.8333    0.9091        12
      Eiscue     1.0000    1.0000    1.0000         4
       Ekans     0.7692    1.0000    0.8696        10
    Eldegoss     0.0000    0.0000    0.0000         2
  Electabuzz     0.2857    0.8000    0.4211        10
  Electivire     0.6667    1.0000    0.8000         6
   Electrike     0.7500    1.0000    0.8571         6
   Electrode     0.0000    0.0000    0.0000        10
      Elekid     1.0000    0.5000    0.6667         8
      Elgyem     0.8333    0.8333    0.8333         6
      Emboar     1.0000    0.5000    0.6667         6
      Emolga     0.6667    1.0000    0.8000         6
    Empoleon     1.0000    0.1667    0.2857         6
       Entei     1.0000    0.5000    0.6667         8
  Escavalier     1.0000    1.0000    1.0000         6
      Espeon     1.0000    1.0000    1.0000         8
      Espurr     0.8571    1.0000    0.9231         6
   Eternatus     0.8000    1.0000    0.8889         4
   Excadrill     0.8333    0.8333    0.8333         6
   Exeggcute     1.0000    1.0000    1.0000        10
   Exeggutor     1.0000    0.2500    0.4000         8
     Exploud     0.5000    0.6667    0.5714         6
     Falinks     1.0000    1.0000    1.0000         4
  Farfetch'd     0.8750    0.7000    0.7778        10
      Fearow     0.5000    1.0000    0.6667         8
      Feebas     1.0000    0.3333    0.5000         6
    Fennekin     1.0000    0.1667    0.2857         6
  Feraligatr     1.0000    0.8750    0.9333         8
   Ferroseed     1.0000    0.8333    0.9091         6
  Ferrothorn     1.0000    1.0000    1.0000         6
     Finneon     1.0000    1.0000    1.0000         6
     Flaaffy     0.7000    0.8750    0.7778         8
     Flabebe     0.8889    1.0000    0.9412         8
     Flapple     0.8333    0.8333    0.8333         6
     Flareon     1.0000    0.6000    0.7500        10
 Fletchinder     1.0000    0.6667    0.8000         6
  Fletchling     1.0000    1.0000    1.0000         6
    Floatzel     1.0000    0.6667    0.8000         6
     Floette     1.0000    0.6667    0.8000         6
     Florges     0.0000    0.0000    0.0000         6
      Flygon     1.0000    0.6667    0.8000         6
    Fomantis     1.0000    0.8333    0.9091         6
     Foongus     0.8571    1.0000    0.9231         6
  Forretress     0.5455    0.7500    0.6316         8
     Fraxure     1.0000    0.3333    0.5000         6
    Frillish     1.0000    0.2000    0.3333        10
     Froakie     1.0000    1.0000    1.0000         6
   Frogadier     0.8333    0.8333    0.8333         6
    Froslass     1.0000    1.0000    1.0000         6
    Frosmoth     1.0000    1.0000    1.0000         4
     Furfrou     0.9167    0.7857    0.8462        14
      Furret     1.0000    1.0000    1.0000         8
      Gabite     1.0000    0.6667    0.8000         6
     Gallade     1.0000    0.1000    0.1818        10
  Galvantula     1.0000    1.0000    1.0000         6
    Garbodor     0.8889    1.0000    0.9412         8
    Garchomp     0.6667    0.6000    0.6316        10
   Gardevoir     1.0000    0.8000    0.8889        10
      Gastly     0.8000    1.0000    0.8889         8
   Gastrodon     0.9091    1.0000    0.9524        10
    Genesect     0.8333    0.8333    0.8333         6
      Gengar     0.8000    0.2857    0.4211        14
     Geodude     0.0000    0.0000    0.0000        14
       Gible     1.0000    0.8333    0.9091         6
    Gigalith     1.0000    1.0000    1.0000         6
   Girafarig     1.0000    0.2500    0.4000         8
    Giratina     0.7143    0.5000    0.5882        10
     Glaceon     0.7500    1.0000    0.8571         6
      Glalie     1.0000    0.4000    0.5714        10
     Glameow     1.0000    1.0000    1.0000         4
   Glastrier     1.0000    1.0000    1.0000         2
      Gligar     1.0000    1.0000    1.0000         8
     Gliscor     1.0000    1.0000    1.0000         6
       Gloom     0.7692    1.0000    0.8696        10
      Gogoat     0.8571    1.0000    0.9231         6
      Golbat     1.0000    0.7500    0.8571         8
     Goldeen     1.0000    0.8750    0.9333         8
     Golduck     0.7500    0.9000    0.8182        10
       Golem     0.8182    0.6429    0.7200        14
      Golett     1.0000    0.6667    0.8000         6
   Golisopod     0.8571    1.0000    0.9231         6
      Golurk     1.0000    0.6667    0.8000         6
      Goodra     1.0000    0.6667    0.8000         6
       Goomy     1.0000    1.0000    1.0000         6
    Gorebyss     1.0000    1.0000    1.0000         6
  Gossifleur     0.6667    1.0000    0.8000         4
     Gothita     1.0000    1.0000    1.0000         6
  Gothitelle     1.0000    1.0000    1.0000         6
   Gothorita     1.0000    1.0000    1.0000         6
   Gourgeist     1.0000    0.8000    0.8889        10
    Granbull     0.0000    0.0000    0.0000         8
   Grapploct     0.8000    1.0000    0.8889         4
    Graveler     0.6842    0.9286    0.7879        14
    Greedent     0.2667    1.0000    0.4211         4
    Greninja     0.6154    0.8000    0.6957        10
      Grimer     0.7273    0.5714    0.6400        14
  Grimmsnarl     0.6000    1.0000    0.7500         6
     Grookey     1.0000    0.8333    0.9091         6
      Grotle     0.7500    1.0000    0.8571         6
     Groudon     1.0000    1.0000    1.0000        12
     Grovyle     0.8000    0.6667    0.7273         6
   Growlithe     0.7143    1.0000    0.8333        10
     Grubbin     0.4286    0.5000    0.4615         6
     Grumpig     1.0000    1.0000    1.0000         6
      Gulpin     1.0000    0.8333    0.9091         6
    Gumshoos     0.8571    1.0000    0.9231         6
     Gurdurr     0.5455    1.0000    0.7059         6
    Guzzlord     0.7500    1.0000    0.8571         6
    Gyarados     0.5714    0.6667    0.6154        12
    Hakamo-o     1.0000    0.6667    0.8000         6
     Happiny     0.8571    1.0000    0.9231         6
    Hariyama     1.0000    1.0000    1.0000         6
     Hatenna     1.0000    1.0000    1.0000         4
   Hatterene     1.0000    1.0000    1.0000         6
     Hattrem     0.8000    1.0000    0.8889         4
     Haunter     0.6667    1.0000    0.8000         6
    Hawlucha     1.0000    1.0000    1.0000         6
     Haxorus     0.8571    1.0000    0.9231         6
     Heatmor     1.0000    0.6667    0.8000         6
     Heatran     1.0000    0.8750    0.9333         8
   Heliolisk     0.8571    1.0000    0.9231         6
  Helioptile     0.6667    1.0000    0.8000         4
   Heracross     1.0000    1.0000    1.0000         8
     Herdier     1.0000    0.8333    0.9091         6
  Hippopotas     1.0000    0.6667    0.8000         6
   Hippowdon     1.0000    1.0000    1.0000         6
  Hitmonchan     1.0000    0.6000    0.7500        10
   Hitmonlee     0.8333    1.0000    0.9091        10
   Hitmontop     0.6000    0.3750    0.4615         8
       Ho-oh     0.6667    0.8000    0.7273        10
   Honchkrow     1.0000    0.8333    0.9091         6
     Honedge     1.0000    1.0000    1.0000         2
       Hoopa     1.0000    1.0000    1.0000         4
    Hoothoot     1.0000    1.0000    1.0000         8
      Hoppip     1.0000    1.0000    1.0000         8
      Horsea     1.0000    1.0000    1.0000        10
    Houndoom     1.0000    0.2500    0.4000        12
    Houndour     1.0000    0.7500    0.8571         4
     Huntail     0.5000    0.7500    0.6000         4
   Hydreigon     0.8000    0.6667    0.7273         6
       Hypno     0.8333    1.0000    0.9091        10
   Igglybuff     0.5000    1.0000    0.6667         8
    Illumise     0.7500    0.5000    0.6000         6
    Impidimp     0.6667    1.0000    0.8000         4
  Incineroar     1.0000    1.0000    1.0000         6
    Indeedee     1.0000    1.0000    1.0000         4
   Infernape     0.0000    0.0000    0.0000         6
       Inkay     1.0000    0.6667    0.8000         6
    Inteleon     1.0000    1.0000    1.0000         2
     Ivysaur     0.9091    1.0000    0.9524        10
    Jangmo-o     1.0000    1.0000    1.0000         6
   Jellicent     1.0000    0.2000    0.3333        10
  Jigglypuff     1.0000    0.3000    0.4615        10
     Jirachi     1.0000    1.0000    1.0000         6
     Jolteon     0.5000    0.9000    0.6429        10
      Joltik     1.0000    0.6667    0.8000         6
    Jumpluff     1.0000    0.3333    0.5000         6
        Jynx     0.4444    1.0000    0.6154         4
      Kabuto     0.0000    0.0000    0.0000        10
    Kabutops     0.6000    0.9000    0.7200        10
     Kadabra     0.7778    0.7000    0.7368        10
      Kakuna     0.0000    0.0000    0.0000        10
  Kangaskhan     1.0000    0.4167    0.5882        12
  Karrablast     0.0000    0.0000    0.0000         6
     Kartana     0.6667    1.0000    0.8000         6
     Kecleon     1.0000    0.8333    0.9091         6
      Keldeo     1.0000    0.2500    0.4000         8
     Kingdra     1.0000    0.2500    0.4000         8
     Kingler     1.0000    0.2500    0.4000         4
      Kirlia     1.0000    0.1667    0.2857         6
       Klang     1.0000    0.1667    0.2857         6
      Klefki     1.0000    0.5000    0.6667         6
       Klink     1.0000    0.8333    0.9091         6
   Klinklang     1.0000    1.0000    1.0000         4
     Koffing     0.5556    0.6250    0.5882         8
      Komala     0.8571    1.0000    0.9231         6
     Kommo-o     1.0000    0.5000    0.6667         6
      Krabby     1.0000    0.7000    0.8235        10
   Kricketot     1.0000    0.3333    0.5000         6
  Kricketune     0.6667    1.0000    0.8000         6
    Krokorok     0.7500    1.0000    0.8571         6
  Krookodile     1.0000    0.5000    0.6667         4
       Kubfu     0.0000    0.0000    0.0000         4
      Kyogre     0.8000    0.3333    0.4706        12
      Kyurem     1.0000    0.8000    0.8889        10
      Lairon     1.0000    1.0000    1.0000         6
     Lampent     1.0000    1.0000    1.0000         6
    Landorus     1.0000    1.0000    1.0000         8
     Lanturn     1.0000    0.6250    0.7692         8
      Lapras     0.7500    0.3000    0.4286        10
    Larvesta     1.0000    1.0000    1.0000         6
    Larvitar     0.8750    0.8750    0.8750         8
      Latias     0.9091    0.8333    0.8696        12
      Latios     1.0000    0.2500    0.4000        12
     Leafeon     1.0000    0.8333    0.9091         6
    Leavanny     1.0000    1.0000    1.0000         6
      Ledian     1.0000    1.0000    1.0000         8
      Ledyba     0.8000    1.0000    0.8889         8
  Lickilicky     0.4615    1.0000    0.6316         6
   Lickitung     0.6154    0.8000    0.6957        10
     Liepard     0.4000    1.0000    0.5714         6
      Lileep     0.8571    1.0000    0.9231         6
   Lilligant     0.5000    0.8333    0.6250         6
    Lillipup     0.5455    1.0000    0.7059         6
     Linoone     0.8000    0.5000    0.6154         8
      Litleo     0.8571    1.0000    0.9231         6
      Litten     0.6000    0.7500    0.6667         8
     Litwick     0.1429    0.3333    0.2000         6
      Lombre     0.6000    1.0000    0.7500         6
     Lopunny     1.0000    1.0000    1.0000         8
       Lotad     1.0000    1.0000    1.0000         6
     Loudred     0.7500    1.0000    0.8571         6
     Lucario     0.3750    0.7500    0.5000         8
    Ludicolo     0.6250    0.8333    0.7143         6
       Lugia     0.5333    1.0000    0.6957         8
    Lumineon     0.8571    1.0000    0.9231         6
      Lunala     0.6364    0.8750    0.7368         8
    Lunatone     1.0000    0.6667    0.8000         6
    Lurantis     0.6000    1.0000    0.7500         6
     Luvdisc     0.3158    1.0000    0.4800         6
       Luxio     0.8000    0.6667    0.7273         6
      Luxray     1.0000    1.0000    1.0000         6
    Lycanroc     1.0000    0.4167    0.5882        12
     Machamp     1.0000    0.4167    0.5882        12
     Machoke     0.7778    0.7000    0.7368        10
      Machop     1.0000    0.6000    0.7500        10
       Magby     0.8750    0.8750    0.8750         8
    Magcargo     0.3333    0.2500    0.2857         8
    Magearna     0.8571    1.0000    0.9231         6
    Magikarp     0.6667    0.6000    0.6316        10
      Magmar     1.0000    0.6000    0.7500        10
   Magmortar     1.0000    0.5000    0.6667         6
   Magnemite     0.9000    0.9000    0.9000        10
    Magneton     1.0000    1.0000    1.0000         8
   Magnezone     0.6000    1.0000    0.7500         6
    Makuhita     0.8571    1.0000    0.9231         6
     Malamar     0.7500    1.0000    0.8571         6
   Mamoswine     0.8571    1.0000    0.9231         6
     Manaphy     1.0000    1.0000    1.0000         6
   Mandibuzz     1.0000    1.0000    1.0000         6
   Manectric     0.5263    1.0000    0.6897        10
      Mankey     0.9091    1.0000    0.9524        10
     Mantine     1.0000    0.8750    0.9333         8
     Mantyke     1.0000    1.0000    1.0000         6
    Maractus     1.0000    1.0000    1.0000         6
    Mareanie     0.8571    1.0000    0.9231         6
      Mareep     0.4211    1.0000    0.5926         8
      Marill     1.0000    1.0000    1.0000         8
     Marowak     0.8333    0.7143    0.7692        14
   Marshadow     1.0000    0.7500    0.8571         8
   Marshtomp     1.0000    1.0000    1.0000         6
  Masquerain     1.0000    0.5000    0.6667         6
      Mawile     0.4375    0.7000    0.5385        10
    Medicham     1.0000    1.0000    1.0000        10
    Meditite     1.0000    1.0000    1.0000         6
    Meganium     1.0000    1.0000    1.0000         8
    Melmetal     1.0000    0.7500    0.8571         4
    Meloetta     0.7500    1.0000    0.8571         6
      Meltan     0.1538    1.0000    0.2667         2
    Meowstic     0.7273    1.0000    0.8421         8
      Meowth     0.6923    0.9000    0.7826        10
     Mesprit     0.6667    1.0000    0.8000         4
   Metagross     0.8235    1.0000    0.9032        14
      Metang     1.0000    1.0000    1.0000         6
     Metapod     0.8182    0.9000    0.8571        10
         Mew     0.7778    0.7000    0.7368        10
      Mewtwo     1.0000    0.6429    0.7826        14
     Mienfoo     1.0000    1.0000    1.0000         6
    Mienshao     0.6000    1.0000    0.7500         6
   Mightyena     1.0000    1.0000    1.0000         6
     Milcery     0.6667    1.0000    0.8000         4
     Milotic     1.0000    0.2500    0.4000         4
     Miltank     0.8000    1.0000    0.8889         8
     Mime Jr     1.0000    0.7500    0.8571         4
     Mimikyu     1.0000    0.6250    0.7692         8
    Minccino     1.0000    0.1667    0.2857         6
      Minior     1.0000    0.7000    0.8235        10
       Minun     1.0000    0.6667    0.8000         6
  Misdreavus     0.8000    1.0000    0.8889         8
   Mismagius     0.5455    1.0000    0.7059         6
     Moltres     1.0000    0.4167    0.5882        12
    Monferno     1.0000    1.0000    1.0000         6
    Morelull     1.0000    0.1667    0.2857         6
     Morgrem     1.0000    1.0000    1.0000         4
     Morpeko     0.0000    0.0000    0.0000         4
      Mothim     1.0000    0.5000    0.6667         6
    Mr. Mime     1.0000    1.0000    1.0000        10
    Mr. Rime     0.5000    1.0000    0.6667         2
     Mudbray     1.0000    1.0000    1.0000         6
      Mudkip     1.0000    0.8000    0.8889        10
    Mudsdale     0.7500    1.0000    0.8571         6
         Muk     0.6875    0.7857    0.7333        14
    Munchlax     1.0000    1.0000    1.0000         6
       Munna     0.0000    0.0000    0.0000         6
     Murkrow     1.0000    1.0000    1.0000         8
    Musharna     0.0000    0.0000    0.0000         6
   Naganadel     0.5455    1.0000    0.7059         6
        Natu     0.8889    1.0000    0.9412         8
    Necrozma     1.0000    1.0000    1.0000         6
      Nickit     1.0000    1.0000    1.0000         4
    Nidoking     0.7143    0.5000    0.5882        10
   Nidoqueen     0.8889    0.8000    0.8421        10
   Nidoran-f     0.5556    1.0000    0.7143        10
   Nidoran-m     0.5833    0.7000    0.6364        10
    Nidorina     0.5625    0.9000    0.6923        10
    Nidorino     0.8000    0.8000    0.8000        10
    Nihilego     0.6667    1.0000    0.8000         4
     Nincada     1.0000    0.6667    0.8000         6
   Ninetales     0.7778    0.5000    0.6087        14
     Ninjask     0.5000    0.6667    0.5714         6
     Noctowl     1.0000    1.0000    1.0000         8
      Noibat     0.7143    0.8333    0.7692         6
     Noivern     0.6667    1.0000    0.8000         6
    Nosepass     1.0000    0.5000    0.6667         6
       Numel     1.0000    0.8333    0.9091         6
     Nuzleaf     0.7500    1.0000    0.8571         6
   Obstagoon     1.0000    1.0000    1.0000         6
   Octillery     1.0000    0.8750    0.9333         8
      Oddish     1.0000    1.0000    1.0000        10
     Omanyte     1.0000    0.5000    0.6667        10
     Omastar     0.6667    0.2000    0.3077        10
        Onix     1.0000    0.2500    0.4000         8
    Oranguru     0.6250    0.8333    0.7143         6
    Orbeetle     0.5714    1.0000    0.7273         4
    Oricorio     1.0000    0.9167    0.9565        12
    Oshawott     1.0000    0.2500    0.4000         8
   Pachirisu     0.7500    1.0000    0.8571         6
      Palkia     0.6667    0.6000    0.6316        10
   Palossand     1.0000    1.0000    1.0000         6
   Palpitoad     1.0000    1.0000    1.0000         6
     Pancham     0.7143    0.8333    0.7692         6
     Pangoro     0.8000    0.6667    0.7273         6
     Panpour     1.0000    0.5000    0.6667         4
     Pansage     1.0000    1.0000    1.0000         4
     Pansear     1.0000    1.0000    1.0000         6
       Paras     1.0000    1.0000    1.0000         8
    Parasect     1.0000    0.4000    0.5714        10
   Passimian     1.0000    1.0000    1.0000         6
      Patrat     1.0000    0.8333    0.9091         6
    Pawniard     0.8000    0.6667    0.7273         6
    Pelipper     0.8571    1.0000    0.9231         6
  Perrserker     0.8000    1.0000    0.8889         4
     Persian     0.6667    1.0000    0.8000        14
     Petilil     0.8333    0.8333    0.8333         6
      Phanpy     0.8750    0.8750    0.8750         8
    Phantump     1.0000    0.6667    0.8000         6
   Pheromosa     0.5000    0.5000    0.5000         2
      Phione     0.4545    0.8333    0.5882         6
       Pichu     1.0000    1.0000    1.0000         8
     Pidgeot     0.5455    0.4286    0.4800        14
   Pidgeotto     0.6154    0.8000    0.6957        10
      Pidgey     0.8333    0.6250    0.7143         8
      Pidove     1.0000    0.8333    0.9091         6
     Pignite     1.0000    1.0000    1.0000         6
     Pikachu     0.5000    0.8333    0.6250         6
     Pikipek     0.8571    1.0000    0.9231         6
   Piloswine     0.8333    0.6250    0.7143         8
  Pincurchin     1.0000    1.0000    1.0000         4
      Pineco     1.0000    0.7500    0.8571         8
      Pinsir     1.0000    0.7500    0.8571        12
      Piplup     1.0000    0.1250    0.2222         8
      Plusle     0.7500    1.0000    0.8571         6
     Poipole     0.6667    1.0000    0.8000         8
    Politoed     1.0000    1.0000    1.0000         8
     Poliwag     1.0000    1.0000    1.0000        10
   Poliwhirl     0.8889    0.8000    0.8421        10
   Poliwrath     1.0000    0.7500    0.8571         8
 Polteageist     0.8000    1.0000    0.8889         4
      Ponyta     1.0000    0.3333    0.5000        12
   Poochyena     1.0000    1.0000    1.0000         6
     Popplio     0.9000    0.9000    0.9000        10
     Porygon     1.0000    0.9000    0.9474        10
   Porygon-Z     0.6667    1.0000    0.8000         4
    Porygon2     1.0000    1.0000    1.0000         8
   Primarina     1.0000    1.0000    1.0000         6
    Primeape     1.0000    0.7000    0.8235        10
    Prinplup     0.7500    1.0000    0.8571         6
   Probopass     0.7500    1.0000    0.8571         6
     Psyduck     0.3182    0.7000    0.4375        10
   Pumpkaboo     1.0000    1.0000    1.0000        10
     Pupitar     1.0000    1.0000    1.0000         8
    Purrloin     1.0000    1.0000    1.0000         6
     Purugly     1.0000    1.0000    1.0000         6
      Pyroar     0.6000    0.7500    0.6667         8
   Pyukumuku     0.6667    0.6667    0.6667         6
    Quagsire     0.8571    0.7500    0.8000         8
     Quilava     0.6667    1.0000    0.8000         8
   Quilladin     1.0000    1.0000    1.0000         6
    Qwilfish     1.0000    1.0000    1.0000         8
      Raboot     1.0000    1.0000    1.0000         4
      Raichu     0.7368    1.0000    0.8485        14
      Raikou     0.6429    0.9000    0.7500        10
       Ralts     0.8571    1.0000    0.9231         6
   Rampardos     1.0000    0.8333    0.9091         6
    Rapidash     0.8889    0.6667    0.7619        12
    Raticate     0.6000    0.2143    0.3158        14
     Rattata     1.0000    0.9286    0.9630        14
    Rayquaza     0.5000    0.6250    0.5556         8
      Regice     1.0000    0.1667    0.2857         6
   Regidrago     1.0000    1.0000    1.0000         4
   Regieleki     1.0000    1.0000    1.0000         4
   Regigigas     0.0000    0.0000    0.0000         8
    Regirock     1.0000    1.0000    1.0000         6
   Registeel     1.0000    0.6667    0.8000         6
   Relicanth     0.7500    1.0000    0.8571         6
    Remoraid     1.0000    0.8750    0.9333         8
    Reshiram     0.9091    1.0000    0.9524        10
   Reuniclus     0.8571    1.0000    0.9231         6
      Rhydon     0.8889    0.8000    0.8421        10
     Rhyhorn     0.7778    0.8750    0.8235         8
   Rhyperior     1.0000    1.0000    1.0000         6
    Ribombee     0.4444    0.6667    0.5333         6
   Rillaboom     1.0000    1.0000    1.0000         4
       Riolu     0.7500    1.0000    0.8571         6
    Rockruff     0.8000    0.8000    0.8000        10
  Roggenrola     1.0000    0.6667    0.8000         6
    Rolycoly     0.6000    1.0000    0.7500         6
    Rookidee     0.5000    0.7500    0.6000         4
     Roselia     0.6667    1.0000    0.8000         6
    Roserade     1.0000    1.0000    1.0000         6
       Rotom     0.6667    1.0000    0.8000        12
      Rowlet     0.6000    0.3750    0.4615         8
     Rufflet     0.4615    1.0000    0.6316         6
   Runerigus     0.8000    1.0000    0.8889         4
     Sableye     0.7692    1.0000    0.8696        10
   Salamence     0.9000    0.9000    0.9000        10
    Salandit     1.0000    0.6667    0.8000         6
    Salazzle     1.0000    0.3333    0.5000         6
    Samurott     1.0000    0.3333    0.5000         6
  Sandaconda     0.2105    1.0000    0.3478         4
     Sandile     1.0000    0.5000    0.6667         6
   Sandshrew     0.9167    0.7857    0.8462        14
   Sandslash     0.7778    0.8750    0.8235         8
   Sandygast     0.7500    1.0000    0.8571         6
        Sawk     1.0000    1.0000    1.0000         6
    Sawsbuck     0.6154    0.5714    0.5926        14
  Scatterbug     1.0000    1.0000    1.0000         6
    Sceptile     0.6000    0.7500    0.6667         8
      Scizor     1.0000    0.1667    0.2857        12
   Scolipede     0.8000    0.6667    0.7273         6
   Scorbunny     1.0000    1.0000    1.0000         6
     Scrafty     0.8571    1.0000    0.9231         6
     Scraggy     0.6000    1.0000    0.7500         6
     Scyther     0.8000    1.0000    0.8889         8
      Seadra     0.7273    0.8000    0.7619        10
     Seaking     0.8333    1.0000    0.9091        10
      Sealeo     0.5455    1.0000    0.7059         6
      Seedot     0.3750    1.0000    0.5455         6
        Seel     1.0000    1.0000    1.0000        10
  Seismitoad     0.6667    1.0000    0.8000         6
     Sentret     1.0000    0.7500    0.8571         8
   Serperior     1.0000    0.8333    0.9091         6
     Servine     0.6667    1.0000    0.8000         6
     Seviper     0.7143    0.8333    0.7692         6
    Sewaddle     1.0000    1.0000    1.0000         6
    Sharpedo     0.9091    1.0000    0.9524        10
     Shaymin     0.6154    1.0000    0.7619         8
    Shedinja     0.7500    1.0000    0.8571         6
     Shelgon     0.8571    1.0000    0.9231         6
    Shellder     1.0000    0.9000    0.9474        10
     Shellos     1.0000    1.0000    1.0000        10
     Shelmet     0.5556    0.8333    0.6667         6
    Shieldon     0.4000    1.0000    0.5714         6
     Shiftry     0.6667    1.0000    0.8000         6
   Shiinotic     0.7500    1.0000    0.8571         6
       Shinx     1.0000    1.0000    1.0000         6
   Shroomish     0.3333    1.0000    0.5000         6
     Shuckle     0.7778    0.8750    0.8235         8
     Shuppet     0.6667    0.3333    0.4444         6
    Sigilyph     1.0000    1.0000    1.0000         6
     Silcoon     0.5556    0.8333    0.6667         6
   Silicobra     0.5000    1.0000    0.6667         4
    Silvally     1.0000    1.0000    1.0000        12
    Simipour     0.8571    1.0000    0.9231         6
    Simisage     1.0000    1.0000    1.0000         6
    Simisear     0.8571    1.0000    0.9231         6
    Sinistea     1.0000    1.0000    1.0000         2
  Sirfetch'd     1.0000    0.7500    0.8571         4
  Sizzlipede     1.0000    1.0000    1.0000         4
    Skarmory     0.8000    1.0000    0.8889         8
      Skiddo     0.6667    1.0000    0.8000         6
    Skiploom     0.0000    0.0000    0.0000         8
      Skitty     1.0000    0.8333    0.9091         6
     Skorupi     0.8571    1.0000    0.9231         6
      Skrelp     1.0000    1.0000    1.0000         6
    Skuntank     0.8571    1.0000    0.9231         6
     Skwovet     1.0000    1.0000    1.0000         4
     Slaking     0.3333    0.1667    0.2222         6
     Slakoth     0.0000    0.0000    0.0000         6
     Sliggoo     1.0000    1.0000    1.0000         6
     Slowbro     0.9091    0.8333    0.8696        12
    Slowking     1.0000    1.0000    1.0000         8
    Slowpoke     0.0000    0.0000    0.0000        12
      Slugma     1.0000    1.0000    1.0000         8
    Slurpuff     1.0000    1.0000    1.0000         6
    Smeargle     1.0000    1.0000    1.0000         8
    Smoochum     1.0000    1.0000    1.0000         8
     Sneasel     1.0000    0.5000    0.6667         8
       Snivy     0.8571    1.0000    0.9231         6
        Snom     1.0000    1.0000    1.0000         4
     Snorlax     1.0000    0.3000    0.4615        10
     Snorunt     0.7500    0.5000    0.6000         6
      Snover     1.0000    0.8333    0.9091         6
    Snubbull     1.0000    1.0000    1.0000         8
      Sobble     1.0000    1.0000    1.0000         4
    Solgaleo     0.6000    1.0000    0.7500         6
     Solosis     0.0000    0.0000    0.0000         6
     Solrock     1.0000    0.3333    0.5000         6
     Spearow     0.8000    0.4000    0.5333        10
   Spectrier     0.3636    1.0000    0.5333         4
      Spewpa     0.6000    0.5000    0.5455         6
      Spheal     0.0000    0.0000    0.0000         6
    Spinarak     0.0000    0.0000    0.0000         8
      Spinda     1.0000    0.8333    0.9091         6
   Spiritomb     0.0000    0.0000    0.0000         6
      Spoink     0.5000    1.0000    0.6667         6
    Spritzee     1.0000    1.0000    1.0000         6
    Squirtle     1.0000    0.5000    0.6667         8
   Stakataka     1.0000    1.0000    1.0000         6
    Stantler     0.5000    0.8750    0.6364         8
   Staraptor     0.4000    1.0000    0.5714         6
    Staravia     0.5000    0.8333    0.6250         6
      Starly     1.0000    0.6667    0.8000         6
     Starmie     0.8333    1.0000    0.9091        10
      Staryu     1.0000    0.9000    0.9474        10
     Steelix     1.0000    0.8000    0.8889        10
     Steenee     1.0000    1.0000    1.0000         6
 Stonjourner     1.0000    1.0000    1.0000         4
   Stoutland     1.0000    1.0000    1.0000         6
     Stufful     1.0000    0.8750    0.9333         8
    Stunfisk     1.0000    0.7500    0.8571         8
      Stunky     0.5000    1.0000    0.6667         6
   Sudowoodo     1.0000    1.0000    1.0000         8
     Suicune     0.5000    0.6667    0.5714         6
    Sunflora     0.5000    0.7500    0.6000         8
     Sunkern     0.8750    0.8750    0.8750         8
     Surskit     1.0000    0.6667    0.8000         6
      Swablu     1.0000    0.5000    0.6667         4
    Swadloon     1.0000    0.8333    0.9091         6
      Swalot     1.0000    0.1667    0.2857         6
    Swampert     0.6154    0.8000    0.6957        10
      Swanna     1.0000    1.0000    1.0000         6
     Swellow     1.0000    0.5000    0.6667         6
      Swinub     0.0000    0.0000    0.0000         8
     Swirlix     1.0000    0.1250    0.2222         8
     Swoobat     0.7500    1.0000    0.8571         6
     Sylveon     0.6000    1.0000    0.7500         6
     Taillow     0.6667    1.0000    0.8000         6
  Talonflame     1.0000    0.3333    0.5000         6
     Tangela     0.5000    0.1250    0.2000         8
   Tangrowth     0.4286    1.0000    0.6000         6
   Tapu Bulu     0.5714    1.0000    0.7273         4
   Tapu Fini     1.0000    0.5000    0.6667         4
   Tapu Koko     0.5000    1.0000    0.6667         4
   Tapu Lele     0.0000    0.0000    0.0000         4
      Tauros     0.8182    0.9000    0.8571        10
   Teddiursa     1.0000    0.8750    0.9333         8
   Tentacool     1.0000    0.4000    0.5714        10
  Tentacruel     1.0000    0.5000    0.6667         8
       Tepig     1.0000    0.7500    0.8571         8
   Terrakion     0.8000    0.6667    0.7273         6
     Thievul     1.0000    1.0000    1.0000         4
       Throh     1.0000    0.8333    0.9091         6
   Thundurus     1.0000    0.6000    0.7500        10
    Thwackey     1.0000    1.0000    1.0000         4
     Timburr     1.0000    1.0000    1.0000         6
    Tirtouga     1.0000    0.6667    0.8000         6
  Togedemaru     0.8571    1.0000    0.9231         6
    Togekiss     1.0000    0.6667    0.8000         6
      Togepi     1.0000    0.7500    0.8571         8
     Togetic     0.8000    1.0000    0.8889         8
     Torchic     1.0000    0.9000    0.9474        10
     Torkoal     1.0000    1.0000    1.0000         6
    Tornadus     0.9091    1.0000    0.9524        10
    Torracat     1.0000    0.7500    0.8571         8
    Torterra     0.6000    1.0000    0.7500         6
    Totodile     1.0000    0.8750    0.9333         8
   Toucannon     1.0000    0.6667    0.8000         6
     Toxapex     1.0000    1.0000    1.0000         6
       Toxel     1.0000    1.0000    1.0000         4
   Toxicroak     0.7500    0.5000    0.6000         6
  Toxtricity     1.0000    1.0000    1.0000         4
   Tranquill     0.6667    0.3333    0.4444         6
    Trapinch     0.1429    0.5000    0.2222         6
     Treecko     1.0000    0.8000    0.8889        10
   Trevenant     1.0000    0.6667    0.8000         6
     Tropius     1.0000    1.0000    1.0000         6
    Trubbish     1.0000    1.0000    1.0000         6
    Trumbeak     0.3333    0.1667    0.2222         6
    Tsareena     1.0000    1.0000    1.0000         6
  Turtonator     0.8571    1.0000    0.9231         6
     Turtwig     1.0000    0.8750    0.9333         8
     Tympole     1.0000    1.0000    1.0000         6
      Tynamo     0.0000    0.0000    0.0000         6
   Type Null     0.5714    1.0000    0.7273         4
  Typhlosion     1.0000    0.6250    0.7692         8
   Tyranitar     0.7857    0.9167    0.8462        12
   Tyrantrum     0.6667    1.0000    0.8000         6
     Tyrogue     0.5455    0.7500    0.6316         8
      Tyrunt     1.0000    0.8333    0.9091         6
     Umbreon     0.8000    1.0000    0.8889         8
    Unfezant     0.5833    0.8750    0.7000         8
       Unown     0.9286    0.9286    0.9286        14
    Ursaring     1.0000    1.0000    1.0000         8
     Urshifu     1.0000    0.6250    0.7692         8
        Uxie     0.7500    1.0000    0.8571         6
   Vanillish     1.0000    1.0000    1.0000         6
   Vanillite     0.6667    0.3333    0.4444         6
   Vanilluxe     0.8571    1.0000    0.9231         6
    Vaporeon     0.6667    1.0000    0.8000         8
    Venipede     0.6000    1.0000    0.7500         6
    Venomoth     1.0000    0.5000    0.6667        10
     Venonat     1.0000    0.2000    0.3333        10
    Venusaur     1.0000    0.1111    0.2000        18
   Vespiquen     1.0000    1.0000    1.0000         6
     Vibrava     1.0000    0.5000    0.6667         6
     Victini     1.0000    1.0000    1.0000         6
  Victreebel     0.8000    0.5000    0.6154         8
    Vigoroth     1.0000    1.0000    1.0000         6
    Vikavolt     1.0000    1.0000    1.0000         6
   Vileplume     0.9091    1.0000    0.9524        10
    Virizion     1.0000    0.8333    0.9091         6
    Vivillon     1.0000    0.5000    0.6667        14
     Volbeat     1.0000    0.6667    0.8000         6
   Volcanion     0.8571    1.0000    0.9231         6
   Volcarona     1.0000    0.8333    0.9091         6
     Voltorb     0.0000    0.0000    0.0000        10
     Vullaby     1.0000    1.0000    1.0000         6
      Vulpix     0.7143    0.6250    0.6667         8
     Wailmer     0.0000    0.0000    0.0000         6
     Wailord     0.2857    0.6667    0.4000         6
     Walrein     0.5000    0.6667    0.5714         6
   Wartortle     1.0000    0.4000    0.5714        10
     Watchog     1.0000    1.0000    1.0000         6
     Weavile     0.8571    1.0000    0.9231         6
      Weedle     0.8333    1.0000    0.9091        10
  Weepinbell     0.5833    0.7000    0.6364        10
     Weezing     0.8571    0.7500    0.8000         8
  Whimsicott     0.0000    0.0000    0.0000         6
  Whirlipede     0.6000    0.5000    0.5455         6
    Whiscash     0.8333    0.8333    0.8333         6
     Whismur     1.0000    0.6667    0.8000         6
  Wigglytuff     0.5556    1.0000    0.7143        10
      Wimpod     0.8571    1.0000    0.9231         6
     Wingull     0.0000    0.0000    0.0000         6
  Wishiwashi     1.0000    0.6250    0.7692         8
   Wobbuffet     0.5333    1.0000    0.6957         8
      Woobat     0.7500    1.0000    0.8571         6
      Wooloo     0.1364    1.0000    0.2400         6
      Wooper     0.8000    1.0000    0.8889         8
    Wormadam     0.5833    0.5833    0.5833        12
     Wurmple     0.4615    1.0000    0.6316         6
      Wynaut     1.0000    1.0000    1.0000         6
        Xatu     1.0000    0.3750    0.5455         8
     Xerneas     0.5385    0.7000    0.6087        10
   Xurkitree     0.5714    0.6667    0.6154         6
      Yamask     1.0000    0.7500    0.8571         8
      Yamper     1.0000    1.0000    1.0000         6
       Yanma     0.8571    0.7500    0.8000         8
     Yanmega     0.5000    0.3333    0.4000         6
     Yungoos     0.4615    1.0000    0.6316         6
     Yveltal     1.0000    0.9167    0.9565        12
      Zacian     0.6667    0.2500    0.3636         8
   Zamazenta     1.0000    0.1250    0.2222         8
    Zangoose     0.8571    1.0000    0.9231         6
      Zapdos     0.6842    0.9286    0.7879        14
      Zarude     1.0000    1.0000    1.0000         2
   Zebstrika     1.0000    0.3333    0.5000         6
      Zekrom     0.8000    0.4000    0.5333        10
     Zeraora     1.0000    0.8333    0.9091         6
   Zigzagoon     0.7500    0.7500    0.7500         8
     Zoroark     1.0000    0.6667    0.8000         6
       Zorua     1.0000    0.5000    0.6667         6
       Zubat     1.0000    0.6000    0.7500        10
    Zweilous     1.0000    1.0000    1.0000         6
     Zygarde     0.7500    0.5000    0.6000        12

    accuracy                         0.7662      6394
   macro avg     0.8017    0.7865    0.7600      6394
weighted avg     0.8008    0.7662    0.7482      6394
